1820
 2.41037 -0.777999 -0.841105
 2.40731 -0.97498 -0.805091
 2.22935 -0.992723 -0.862826
 2.5392 -0.727778 -0.750475
 2.52042 -0.954785 -0.739445
 2.63766 -0.768176 -0.637039
 2.66928 -0.930664 -0.557166
 2.61797 -1.2356 -0.520238
 2.31879 -1.29409 -0.673863
 2.48653 -1.27497 -0.627822
 2.12624 -1.33017 -0.721011
 2.27453 -1.43349 -0.567366
 2.45706 -1.40096 -0.539866
 2.54932 -1.33521 -0.535156
 2.71072 -0.830091 -0.532493
 2.85767 -0.930625 -0.391195
 2.80374 -1.25587 -0.438328
 2.66302 -1.44049 -0.478149
 2.51531 -1.50706 -0.483275
 2.4223 -1.51092 -0.494169
 2.24966 -1.4927 -0.53127
 2.0796 -1.47338 -0.654997
 2.9709 -0.959664 0
 2.89623 -1.31956 0
 2.70696 -1.52885 0
 2.54526 -1.5933 -0.38631
 2.39661 -1.59324 -0.389972
 2.0482 -1.58198 -0.555832
 2.24349 -1.58478 -0.431143
 2.53423 -1.61708 0
 2.16717 -1.59633 0
 1.92043 -1.5674 0
 2.91077 -0.638444 -0.431191
 3.16616 0.02131 -0.457261
 3.28643 -0.300744 -0.276331
 2.99307 -0.708434 -0.342596
 2.82554 -0.567578 -0.552597
 2.61831 -0.549092 -0.805491
 2.68813 -0.517509 -0.672975
 3.06554 -0.788768 0
 3.33521 -0.375755 0
 -1.19851 -1.4561 -0.885435
 -1.22656 -1.65516 -0.687343
 -1.37619 -1.66199 -0.718954
 -1.36687 -1.34021 -0.907567
 -0.953236 -1.54594 -0.89918
 -0.972089 -1.77451 -0.76857
 -1.26674 -1.69194 -0.557922
 -0.812845 -1.78542 -0.768511
 -0.535144 -1.61598 -0.920556
 -0.063012 -1.58302 -0.865082
 -0.07847 -1.68827 -0.80023
 -0.422877 -1.7512 -0.823423
 -0.112666 -1.80658 -0.383324
 -0.523838 -1.85006 -0.388007
 -0.972514 -1.82278 -0.372649
 -0.977375 -1.79313 -0.498747
 -1.3051 -1.70846 -0.48423
 -1.39747 -1.69381 -0.570541
 -1.3865 -1.71844 -0.350823
 -1.40669 -1.69732 -0.450399
 0.489819 -1.52495 -0.672392
 0.480235 -1.63152 -0.401961
 -0.155114 -1.82828 0
 0.44655 -1.67295 0
 -0.530369 -1.86081 0
 -0.956007 -1.82573 0
 -1.39573 -1.72381 0
 1.96315 -1.58884 -0.612861
 2.98537 1.98266 0
 3.24741 2.07333 0
 3.23397 2.05919 -0.072431
 3.0091 1.9716 -0.03422
 3.25222 2.02635 -0.148215
 3.27633 1.86377 -0.294266
 2.73813 1.68733 -0.295046
 3.37723 1.5878 -0.400781
 2.81537 1.37758 -0.413399
 3.52845 1.06013 -0.489443
 2.94839 0.783357 -0.515058
 3.55939 0.706516 -0.452535
 3.06109 0.397226 -0.574193
 3.6412 0.407454 -0.362198
 3.67471 0.338839 -0.30784
 3.70036 0.265794 -0.240762
 3.73169 0.186391 0
 3.4583 2.15166 -0.102662
 3.45497 2.16988 0
 3.71636 2.34339 0
 3.72709 2.30841 -0.150049
 4.12084 0.627141 -0.185461
 4.12656 0.642027 0
 4.06825 0.798926 -0.400813
 4.04166 1.03976 -0.496922
 3.98851 1.29781 -0.539537
 3.882 1.76443 -0.476337
 3.47942 1.97825 -0.317478
 3.81488 1.96842 -0.443
 3.74567 2.266 -0.24193
 2.7235 1.89884 0
 2.183 1.65407 -0.341767
 2.12814 1.7884 0
 2.77568 1.53871 -0.352829
 2.39635 1.24224 -0.597722
 2.67945 0.687427 -0.720573
 2.79068 0.219187 -0.718263
 2.75316 0.400829 -0.713141
 2.83544 -0.231101 -0.57789
 2.7362 -0.346225 -0.659345
 2.48292 0.997637 -0.702425
 2.60422 0.728827 -0.769671
 2.5704 0.738683 -0.830405
 2.54337 -0.548031 -0.937182
 2.5945 -0.422948 -0.981263
 2.69058 -0.368057 -0.819343
 2.60743 -0.208248 -0.974218
 2.66894 0.206182 -1.01437
 2.73151 0.219003 -0.891585
 2.09655 1.67848 -0.32681
 2.04221 1.77715 0
 2.266 1.27325 -0.663332
 2.39939 0.782091 -0.915279
 2.49535 0.250522 -1.13208
 2.43983 -0.395385 -1.13132
 2.38464 -0.591919 -1.04306
 1.79446 1.78772 0
 1.79872 1.71445 -0.259352
 2.10891 -0.357128 -1.25969
 2.13627 -0.187666 -1.27806
 2.0817 0.283249 -1.25946
 1.97594 0.827957 -1.01842
 1.85944 1.45039 -0.632222
 0.234527 1.73012 0
 0.733818 1.74087 0
 0.737904 1.60421 -0.281713
 0.223642 1.68407 -0.160743
 0.760722 1.20504 -0.700545
 0.289039 1.49645 -0.430055
 0.921312 0.755659 -0.99933
 0.243473 1.13408 -0.819993
 0.927775 0.195225 -1.23304
 0.539252 0.353984 -1.25449
 0.943855 -0.101127 -1.27477
 0.516872 -0.020713 -1.35663
 0.97453 -0.525273 -1.14035
 0.546875 -0.39094 -1.36324
 0.939974 -0.894739 -1.01981
 0.527724 -0.862854 -1.25381
 0.93066 -1.21652 -0.831196
 0.530629 -1.31642 -0.929842
 0.922703 -1.29603 -0.728307
 0.538756 -1.4086 -0.764911
 0.912699 -1.45507 -0.576185
 0.912989 -1.49931 -0.419547
 0.927497 -1.55849 0
 -0.547248 1.74213 0
 -0.228904 1.73427 0
 -0.221516 1.68635 -0.151403
 -0.559706 1.69418 -0.186107
 -0.247999 1.56515 -0.389142
 -0.626493 1.58543 -0.443136
 -0.192546 1.30553 -0.70008
 -0.674657 1.33301 -0.761059
 -0.11519 0.458427 -1.3462
 -0.969076 0.901205 -1.14622
 0.018086 0.002865 -1.5232
 -0.645496 0.179261 -1.58432
 0.010486 -0.502317 -1.5763
 -0.533528 -0.58228 -1.70141
 -0.04157 -1.14383 -1.39518
 -0.487217 -1.19352 -1.50403
 -0.0723 -1.45025 -1.0874
 -0.526127 -1.495 -1.16774
 -1.17947 1.78665 0
 -0.866132 1.75467 0
 -0.894132 1.71265 -0.151911
 -1.21556 1.7571 -0.133494
 -1.01777 1.60782 -0.541965
 -1.29276 1.65651 -0.51403
 -1.11559 1.39238 -0.819623
 -1.40385 1.53306 -0.902827
 -1.20077 0.978822 -1.10339
 -1.5529 1.12865 -1.15104
 -1.12072 0.424016 -1.45699
 -1.40568 0.573835 -1.35218
 -1.05343 -0.342553 -1.69025
 -1.4897 -0.024215 -1.51099
 -1.06127 -1.14188 -1.49623
 -1.37618 -0.948757 -1.45161
 -0.952525 -1.44058 -1.16865
 -1.40766 -1.23603 -1.11293
 1.48383 1.69759 -0.288781
 1.45666 1.78588 0
 1.50495 1.48349 -0.585976
 1.5822 0.771083 -1.06818
 1.64903 0.224458 -1.21197
 1.66416 -0.189659 -1.26673
 1.67862 -0.410061 -1.29118
 1.60494 -1.557 0
 1.72121 -1.59019 -0.601932
 1.32886 -1.35263 -0.758733
 1.45183 -1.57686 -0.702758
 1.21055 -1.46006 -0.576841
 1.19204 -1.33061 -0.678707
 1.59989 -1.59553 -0.623185
 1.22342 -1.53266 -0.434522
 1.28945 -1.5466 0
 1.25296 -0.928825 -1.00164
 1.33788 -0.945716 -1.0213
 1.37322 -0.56462 -1.10625
 0.23733 1.59575 -0.288672
 -1.35095 1.80701 0
 -1.36595 1.76961 -0.133901
 -1.4176 1.67618 -0.529265
 -1.33849 1.61373 -0.725441
 -1.58219 1.56754 -0.982349
 -1.7337 1.08386 -1.18149
 -1.79616 0.452382 -1.24364
 -1.79513 0.033439 -1.37116
 -1.83786 -0.540871 -1.29585
 -1.75757 -0.945337 -1.07583
 -1.67651 1.82689 0
 -1.68386 1.78904 -0.121501
 -1.74473 1.73485 -0.433807
 -1.92973 1.61719 -0.80639
 -1.99612 1.38789 -1.0641
 -2.01366 0.810726 -1.15883
 -2.02116 0.411979 -1.23468
 -1.89739 0.037852 -1.3658
 -2.03365 -0.526012 -1.27764
 -2.04359 -0.875823 -1.02888
 -1.7823 -1.02058 -0.943381
 -2.03341 -0.91003 -0.96422
 -1.45666 -1.29553 -0.89424
 -2.05739 1.84131 0
 -2.0796 1.81779 -0.138375
 -2.13752 1.75318 -0.433142
 -2.17214 1.62301 -0.805318
 -2.20579 1.35602 -1.08166
 -2.29825 0.768333 -1.20388
 -2.1584 0.381542 -1.27296
 -2.06479 0.018789 -1.41187
 -2.27634 -0.689823 -1.26803
 -2.29936 -1.02545 -1.04469
 -2.30666 -1.11698 -0.961238
 -2.62947 1.9182 0
 -2.6729 1.90511 -0.067168
 -2.10017 1.78998 -0.229245
 -2.70311 1.82544 -0.395127
 -2.71525 1.74676 -0.604653
 -2.71748 1.5768 -0.875971
 -2.57229 0.835495 -1.25219
 -2.52095 0.559036 -1.27362
 -2.43337 0.078222 -1.37127
 -2.38292 -0.41745 -1.37504
 -3.03756 2.00153 0
 -3.0531 1.96881 -0.051104
 -2.69737 1.87129 -0.218796
 -3.07531 1.846 -0.363149
 -3.10905 1.78948 -0.565323
 -3.08565 1.65734 -0.784479
 -2.93031 1.10358 -1.12588
 -2.79063 0.46881 -1.22427
 -2.68702 0.076781 -1.29057
 -3.50769 1.70021 0
 -3.39281 1.76936 0
 -3.35851 1.81025 -0.380095
 -3.51972 1.68523 -0.31713
 -3.52717 1.58351 -0.512679
 -3.513 1.44805 -0.611386
 -3.02893 1.46152 -0.941324
 -3.44215 1.10549 -0.762934
 -3.30687 0.379713 -0.98762
 -3.16022 -0.018852 -1.11363
 -3.69069 1.60208 0
 -3.73499 1.58943 -0.295202
 -3.69797 1.4667 -0.433432
 -3.68462 1.35069 -0.501428
 -3.63988 1.01519 -0.615203
 -3.50452 0.405574 -0.847066
 -3.36541 -0.113447 -0.9524
 -3.70983 1.41776 0
 -3.70974 1.35119 -0.211745
 -3.70163 1.27265 -0.270469
 -3.69587 1.15698 -0.316829
 -3.66436 0.932851 -0.370749
 -3.57038 0.385564 -0.52448
 -3.45825 -0.12595 -0.731712
 -3.2837 -0.730967 -0.793898
 -3.41565 -0.308965 -0.671045
 -3.47078 -0.078218 -0.546398
 -3.63129 0.701013 -0.420276
 -3.53665 0.442277 -0.322
 -3.52019 0.140164 -0.618561
 -3.46972 1.9615 -0.071141
 -3.47843 1.97541 0
 -3.24215 2.02139 0
 -3.23822 2.0054 -0.075645
 -3.4459 1.92351 -0.123229
 -3.2275 1.96174 -0.131029
 -3.41337 1.8716 -0.142309
 -3.07767 1.87111 -0.217368
 4.85258 1.88972 -0.605031
 4.86162 1.85407 -0.618095
 4.76092 1.88136 -0.61312
 4.82475 1.94684 -0.626358
 4.93588 2.05167 -0.572853
 4.93556 2.01602 -0.5857
 4.86161 2.00164 -0.621913
 4.84288 2.02133 -0.638025
 5.0019 1.9144 -0.486724
 4.97313 1.99278 -0.533466
 4.99175 2.00982 -0.523206
 4.92619 1.85981 -0.582137
 4.94471 1.84066 -0.575374
 4.99171 1.8443 -0.520761
 4.98236 1.8733 -0.53619
 4.90802 1.79604 -0.587882
 4.85258 1.81612 -0.603105
 4.96355 1.78316 -0.553515
 4.98303 1.80634 -0.505779
 5.01143 1.87557 -0.463205
 4.88157 2.09457 -0.539949
 4.96494 2.05358 -0.499903
 5.02008 1.97817 -0.480978
 4.826 2.08918 -0.576083
 4.78848 2.02805 -0.608619
 4.75152 2.03966 -0.634134
 4.7983 2.11819 -0.591085
 4.87254 2.15926 -0.542891
 5.00244 2.10575 -0.468233
 5.0575 2.00275 -0.451974
 5.07599 1.901 -0.443793
 5.03029 1.82742 -0.440803
 4.93607 1.73767 -0.557276
 4.87115 1.74124 -0.592326
 4.81618 1.79786 -0.604026
 5.09538 1.96124 -0.401516
 5.08581 1.8885 -0.408327
 5.05818 1.78819 -0.417387
 4.91797 1.68148 -0.544201
 4.86264 1.68414 -0.570155
 4.75234 1.72339 -0.591296
 4.69761 1.76806 -0.576663
 5.0672 2.0277 -0.422291
 5.03064 2.1022 -0.432329
 4.88186 2.19454 -0.530288
 4.80779 2.14365 -0.570393
 4.72896 2.03615 -0.614307
 4.68811 2.04638 -0.604518
 4.74405 2.17934 -0.556057
 4.83733 2.23568 -0.479332
 4.99598 2.14879 -0.344534
 5.06084 2.05333 -0.309324
 5.09706 1.95421 -0.328795
 5.10559 1.86409 -0.347113
 4.73944 2.29917 -0.369987
 4.97139 2.14669 -0.224781
 5.07217 2.04363 -0.209228
 5.12716 1.94276 -0.211214
 5.1527 1.83066 -0.287042
 5.13317 1.71556 -0.334258
 4.98282 1.50307 -0.507606
 4.92728 1.48695 -0.526327
 4.79841 1.47315 -0.570618
 4.71565 1.5022 -0.584339
 4.61541 1.63964 -0.577768
 4.55148 1.84175 -0.575191
 4.53311 1.98901 -0.578975
 4.5613 2.13307 -0.547248
 4.63658 2.26338 -0.471997
 5.04969 2.03273 0
 5.15664 1.9429 -0.119993
 5.21882 1.80355 -0.199306
 5.21686 1.63664 -0.279797
 5.23318 1.44246 -0.362988
 5.22319 1.37149 -0.388069
 4.67912 1.43843 -0.589658
 4.59648 1.51299 -0.598982
 4.56002 1.60402 -0.589333
 4.45968 1.77888 -0.588185
 4.43261 1.87887 -0.577888
 4.43302 2.02471 -0.563794
 4.57757 2.38953 -0.256196
 4.635 2.36912 -0.140117
 4.47235 2.32513 -0.443764
 4.38948 2.19042 -0.47332
 4.29677 2.26042 -0.528796
 5.15832 1.23677 -0.418043
 4.7616 1.36301 -0.57137
 5.17755 1.93232 0
 5.32114 1.79556 -0.119606
 5.37829 1.76845 0
 5.60489 1.54609 -0.113773
 5.42428 1.72115 0
 5.52819 1.44018 -0.250666
 5.42578 1.26437 -0.329687
 5.39797 1.17424 -0.346802
 4.74325 1.05921 -0.563421
 4.5679 1.1498 -0.642484
 4.44901 1.26093 -0.647431
 4.32961 1.4648 -0.661485
 4.30362 1.79991 -0.610388
 4.30456 1.90654 -0.572242
 5.58876 1.57385 0
 5.68001 1.51001 0
 5.68704 1.49964 -0.110765
 5.64719 1.39461 -0.257833
 5.56325 1.2353 -0.317238
 5.5808 1.17413 -0.351054
 5.38845 1.11942 -0.351883
 5.59828 1.09474 -0.386994
 5.47078 1.00957 -0.355371
 5.43459 0.970412 -0.330823
 5.37071 0.980272 -0.337432
 5.37946 1.04582 -0.349748
 5.37365 0.885375 -0.20884
 5.29901 0.908991 -0.260177
 5.21343 0.856784 0
 5.11256 0.840686 0
 4.92086 0.812339 0
 4.65545 0.758022 0
 5.26443 0.855571 -0.181694
 4.71207 0.770512 -0.333393
 4.72881 0.878731 -0.405801
 4.41647 0.921264 -0.458839
 4.29789 0.911506 -0.447987
 4.3335 0.951176 -0.481517
 4.3198 0.731007 -0.291212
 4.38084 0.704571 0
 4.21637 0.852328 -0.405873
 4.27723 1.07775 -0.550819
 4.14119 1.00877 -0.499342
 4.08556 1.28888 -0.544406
 4.17544 1.35033 -0.613988
 4.14888 1.75992 -0.573765
 4.07685 1.7466 -0.527436
 4.45238 2.52456 -0.130255
 4.44014 2.51053 -0.269164
 4.20332 2.58919 -0.219164
 4.18726 2.59022 -0.135844
 4.42989 2.49576 -0.306894
 4.41084 2.50017 -0.351972
 4.20994 2.60061 -0.337597
 4.07851 2.41181 -0.472193
 4.0438 2.38652 -0.400392
 4.03575 2.39954 -0.343957
 4.05526 2.50528 -0.297282
 4.02902 2.51918 -0.249385
 4.08836 2.51091 -0.453793
 4.00011 2.42416 -0.313254
 3.87055 2.29211 -0.368964
 3.828 2.35254 -0.233341
 4.02536 2.3593 -0.402597
 4.07756 2.30519 -0.510338
 3.90391 2.2415 -0.512468
 3.82335 2.14173 -0.428356
 3.96664 1.96929 -0.549291
 4.11393 2.33413 -0.526471
 4.1123 2.28583 -0.5955
 3.92887 2.22392 -0.615683
 3.98291 1.98739 -0.639809
 4.14607 2.2781 -0.707372
 3.99074 2.20545 -0.710795
 4.01751 1.99617 -0.731654
 4.21297 2.30318 -0.587113
 4.21206 2.27945 -0.625927
 4.17214 2.30339 -0.778972
 4.22933 2.27452 -0.672749
 4.21542 2.35048 -0.885764
 4.05971 2.19491 -0.888152
 4.09736 2.3666 -1.23999
 4.06199 2.23199 -1.17838
 4.04741 2.20721 -1.01511
 4.19423 2.40833 -1.00847
 4.27301 2.31053 -0.762172
 4.30709 2.36748 -0.877202
 4.26626 2.42165 -1.0548
 4.22852 2.43503 -1.09857
 4.09412 2.42617 -1.38103
 4.05831 2.29336 -1.33805
 4.17047 2.45844 -1.24185
 4.04667 2.34135 -1.45253
 4.03152 1.96825 -0.91846
 4.03695 1.99217 -1.07256
 4.02486 2.10657 -1.2081
 4.08299 2.17581 -1.45093
 4.1033 2.03856 -1.36374
 4.15217 1.86878 -1.225
 4.1279 1.82836 -1.09051
 4.09411 1.88928 -0.578435
 4.05989 1.86046 -0.470087
 3.92244 1.97246 -0.483563
 4.1503 1.82057 -0.917046
 4.26732 2.12199 -0.61494
 4.27489 2.22003 -0.679075
 4.14893 2.38873 -1.37688
 4.10173 2.31232 -1.43816
 4.1401 2.29595 -1.3672
 4.1694 2.30628 -1.28403
 4.14176 2.27996 -1.29534
 4.19764 2.39464 -1.24865
 4.19932 2.30465 -1.17454
 4.35441 2.10298 -0.80258
 4.38099 2.2077 -0.839016
 4.36975 2.2982 -0.921894
 4.30319 2.34712 -1.04441
 4.24586 2.37509 -1.14131
 4.21846 2.35683 -1.14244
 4.21181 2.28249 -1.03914
 4.2228 2.22818 -0.952752
 4.19761 2.16406 -0.857433
 4.15317 2.08482 -0.799668
 4.13195 2.05076 -0.921856
 4.11999 2.0631 -1.04918
 4.12616 2.12093 -1.17252
 4.13317 2.17523 -1.25932
 4.24522 2.00853 -0.772641
 4.28129 2.05575 -0.787
 4.35494 2.06416 -0.778851
 3.75821 2.20668 -0.323051
 -3.3483 1.76777 0
 -3.38084 1.81969 -0.123273
 -3.35701 1.78167 -0.071216
 3.78754 2.3959 0
 3.98821 2.48943 0
 4.02423 2.5279 0
 4.18987 2.60681 0
 4.52848 2.46717 0
 4.74777 2.3003 0
 4.45495 2.52331 0
 4.91233 2.16264 0
 4.9891 2.09002 0
 -3.66777 0.335395 0
 -3.6488 -0.195113 0
 -3.65524 -0.194907 -0.019209
 -1.46543 1.65534 -0.722125
 2.22935 -0.992723 0.862826
 2.40731 -0.97498 0.805091
 2.41037 -0.777999 0.841105
 2.52042 -0.954785 0.739445
 2.5392 -0.727778 0.750475
 2.63766 -0.768176 0.637039
 2.48653 -1.27497 0.627822
 2.61797 -1.2356 0.520238
 2.66928 -0.930664 0.557166
 2.31879 -1.29409 0.673863
 2.12624 -1.33017 0.721011
 2.27453 -1.43349 0.567366
 2.45706 -1.40096 0.539866
 2.54932 -1.33521 0.535156
 2.71072 -0.830091 0.532493
 2.85767 -0.930625 0.391195
 2.80374 -1.25587 0.438328
 2.66302 -1.44049 0.478149
 2.51531 -1.50706 0.483275
 2.24966 -1.4927 0.53127
 2.4223 -1.51092 0.494169
 2.0796 -1.47338 0.654997
 2.24349 -1.58478 0.431143
 2.39661 -1.59324 0.389972
 2.54526 -1.5933 0.38631
 2.0482 -1.58198 0.555832
 2.99307 -0.708434 0.342596
 3.28643 -0.300744 0.276331
 3.16616 0.02131 0.457261
 2.91077 -0.638444 0.431191
 2.82554 -0.567578 0.552597
 2.68813 -0.517509 0.672975
 2.61831 -0.549092 0.805491
 -1.36687 -1.34021 0.907567
 -1.37619 -1.66199 0.718954
 -1.22656 -1.65516 0.687343
 -1.19851 -1.4561 0.885435
 -0.972089 -1.77451 0.76857
 -0.953236 -1.54594 0.89918
 -1.26674 -1.69194 0.557922
 -0.422877 -1.7512 0.823423
 -0.535144 -1.61598 0.920556
 -0.07847 -1.68827 0.80023
 -0.063012 -1.58302 0.865082
 -0.523838 -1.85006 0.388007
 -0.112666 -1.80658 0.383324
 -0.812845 -1.78542 0.768511
 -0.977375 -1.79313 0.498747
 -0.972514 -1.82278 0.372649
 -1.3865 -1.71844 0.350823
 -1.39747 -1.69381 0.570541
 -1.40669 -1.69732 0.450399
 0.480235 -1.63152 0.401961
 0.489819 -1.52495 0.672392
 1.96315 -1.58884 0.612861
 3.0091 1.9716 0.03422
 3.23397 2.05919 0.072431
 2.73813 1.68733 0.295046
 3.27633 1.86377 0.294266
 3.25222 2.02635 0.148215
 2.77568 1.53871 0.352829
 2.81537 1.37758 0.413399
 3.37723 1.5878 0.400781
 2.94839 0.783357 0.515058
 3.52845 1.06013 0.489443
 3.06109 0.397226 0.574193
 3.55939 0.706516 0.452535
 3.6412 0.407454 0.362198
 3.70036 0.265794 0.240762
 3.67471 0.338839 0.30784
 3.72709 2.30841 0.150049
 3.4583 2.15166 0.102662
 4.12084 0.627141 0.185461
 4.06825 0.798926 0.400813
 4.04166 1.03976 0.496922
 3.98851 1.29781 0.539537
 3.882 1.76443 0.476337
 3.81488 1.96842 0.443
 3.75821 2.20668 0.323051
 3.74567 2.266 0.24193
 2.183 1.65407 0.341767
 2.39635 1.24224 0.597722
 2.67945 0.687427 0.720573
 2.75316 0.400829 0.713141
 2.79068 0.219187 0.718263
 2.7362 -0.346225 0.659345
 2.83544 -0.231101 0.57789
 3.47942 1.97825 0.317478
 2.5704 0.738683 0.830405
 2.60422 0.728827 0.769671
 2.48292 0.997637 0.702425
 2.54337 -0.548031 0.937182
 2.69058 -0.368057 0.819343
 2.5945 -0.422948 0.981263
 2.73151 0.219003 0.891585
 2.66894 0.206182 1.01437
 2.60743 -0.208248 0.974218
 2.09655 1.67848 0.32681
 2.266 1.27325 0.663332
 2.39939 0.782091 0.915279
 2.49535 0.250522 1.13208
 2.45259 -0.244072 1.1388
 2.43983 -0.395385 1.13132
 2.38464 -0.591919 1.04306
 1.79872 1.71445 0.259352
 2.13627 -0.187666 1.27806
 2.10891 -0.357128 1.25969
 2.0817 0.283249 1.25946
 1.97594 0.827957 1.01842
 1.85944 1.45039 0.632222
 0.223642 1.68407 0.160743
 0.737904 1.60421 0.281713
 0.23733 1.59575 0.288672
 0.289039 1.49645 0.430055
 0.760722 1.20504 0.700545
 0.243473 1.13408 0.819993
 0.921312 0.755659 0.99933
 0.539252 0.353984 1.25449
 0.927775 0.195225 1.23304
 0.516872 -0.020713 1.35663
 0.943855 -0.101127 1.27477
 0.546875 -0.39094 1.36324
 0.97453 -0.525273 1.14035
 0.527724 -0.862854 1.25381
 0.939974 -0.894739 1.01981
 0.530629 -1.31642 0.929842
 0.93066 -1.21652 0.831196
 0.538756 -1.4086 0.764911
 0.922703 -1.29603 0.728307
 0.912699 -1.45507 0.576185
 0.912989 -1.49931 0.419547
 -0.559706 1.69418 0.186107
 -0.221516 1.68635 0.151403
 -0.626493 1.58543 0.443136
 -0.247999 1.56515 0.389142
 -0.674657 1.33301 0.761059
 -0.192546 1.30553 0.70008
 -0.969076 0.901205 1.14622
 -0.11519 0.458427 1.3462
 -0.645496 0.179261 1.58432
 0.018086 0.002865 1.5232
 -0.533528 -0.58228 1.70141
 0.010486 -0.502317 1.5763
 -0.487217 -1.19352 1.50403
 -0.04157 -1.14383 1.39518
 -0.526127 -1.495 1.16774
 -0.0723 -1.45025 1.0874
 -1.21556 1.7571 0.133494
 -0.894132 1.71265 0.151911
 -1.29276 1.65651 0.51403
 -1.01777 1.60782 0.541965
 -1.33849 1.61373 0.725441
 -1.40385 1.53306 0.902827
 -1.11559 1.39238 0.819623
 -1.5529 1.12865 1.15104
 -1.20077 0.978822 1.10339
 -1.40568 0.573835 1.35218
 -1.12072 0.424016 1.45699
 -1.4897 -0.024215 1.51099
 -1.05343 -0.342553 1.69025
 -1.37618 -0.948757 1.45161
 -1.06127 -1.14188 1.49623
 -1.40766 -1.23603 1.11293
 -0.952525 -1.44058 1.16865
 1.48383 1.69759 0.288781
 1.50495 1.48349 0.585976
 1.5822 0.771083 1.06818
 1.64903 0.224458 1.21197
 1.66416 -0.189659 1.26673
 1.67862 -0.410061 1.29118
 1.72121 -1.59019 0.601932
 1.19204 -1.33061 0.678707
 1.21055 -1.46006 0.576841
 1.45183 -1.57686 0.702758
 1.32886 -1.35263 0.758733
 1.22342 -1.53266 0.434522
 1.59989 -1.59553 0.623185
 1.33788 -0.945716 1.0213
 1.25296 -0.928825 1.00164
 1.37322 -0.56462 1.10625
 -1.36595 1.76961 0.133901
 -1.4176 1.67618 0.529265
 -1.46543 1.65534 0.722125
 -1.58219 1.56754 0.982349
 -1.7337 1.08386 1.18149
 -1.79616 0.452382 1.24364
 -1.79513 0.033439 1.37116
 -1.83786 -0.540871 1.29585
 -1.75757 -0.945337 1.07583
 -1.68386 1.78904 0.121501
 -1.74473 1.73485 0.433807
 -1.92973 1.61719 0.80639
 -2.01366 0.810726 1.15883
 -1.99612 1.38789 1.0641
 -2.02116 0.411979 1.23468
 -1.89739 0.037852 1.3658
 -2.03365 -0.526012 1.27764
 -2.04359 -0.875823 1.02888
 -2.03341 -0.91003 0.96422
 -1.7823 -1.02058 0.943381
 -1.45666 -1.29553 0.89424
 -2.0796 1.81779 0.138375
 -2.10017 1.78998 0.229245
 -2.13752 1.75318 0.433142
 -2.17214 1.62301 0.805318
 -2.20579 1.35602 1.08166
 -2.29825 0.768333 1.20388
 -2.1584 0.381542 1.27296
 -2.06479 0.018789 1.41187
 -2.27634 -0.689823 1.26803
 -2.29936 -1.02545 1.04469
 -2.30666 -1.11698 0.961238
 -2.6729 1.90511 0.067168
 -2.69737 1.87129 0.218796
 -2.70311 1.82544 0.395127
 -2.71525 1.74676 0.604653
 -2.71748 1.5768 0.875971
 -2.57229 0.835495 1.25219
 -2.52095 0.559036 1.27362
 -2.43337 0.078222 1.37127
 -2.38292 -0.41745 1.37504
 -3.0531 1.96881 0.051104
 -3.07767 1.87111 0.217368
 -3.07531 1.846 0.363149
 -3.10905 1.78948 0.565323
 -3.08565 1.65734 0.784479
 -3.02893 1.46152 0.941324
 -2.93031 1.10358 1.12588
 -2.79063 0.46881 1.22427
 -2.68702 0.076781 1.29057
 -3.51972 1.68523 0.31713
 -3.35851 1.81025 0.380095
 -3.52717 1.58351 0.512679
 -3.513 1.44805 0.611386
 -3.44215 1.10549 0.762934
 -3.30687 0.379713 0.98762
 -3.16022 -0.018852 1.11363
 -3.73499 1.58943 0.295202
 -3.69797 1.4667 0.433432
 -3.68462 1.35069 0.501428
 -3.63988 1.01519 0.615203
 -3.50452 0.405574 0.847066
 -3.36541 -0.113447 0.9524
 -3.70974 1.35119 0.211745
 -3.70163 1.27265 0.270469
 -3.69587 1.15698 0.316829
 -3.67243 1.04422 0.364991
 -3.66436 0.932851 0.370749
 -3.63129 0.701013 0.420276
 -3.57038 0.385564 0.52448
 -3.52019 0.140164 0.618561
 -3.45825 -0.12595 0.731712
 -3.47078 -0.078218 0.546398
 -3.41565 -0.308965 0.671045
 -3.2837 -0.730967 0.793898
 -3.53665 0.442277 0.322
 -3.51684 0.149002 0.430359
 -3.23822 2.0054 0.075645
 -3.46972 1.9615 0.071141
 -3.2275 1.96174 0.131029
 -3.4459 1.92351 0.123229
 -3.41337 1.8716 0.142309
 4.82475 1.94684 0.626358
 4.76092 1.88136 0.61312
 4.86162 1.85407 0.618095
 4.85258 1.88972 0.605031
 4.84288 2.02133 0.638025
 4.86161 2.00164 0.621913
 4.93556 2.01602 0.5857
 4.93588 2.05167 0.572853
 4.99175 2.00982 0.523206
 4.97313 1.99278 0.533466
 5.0019 1.9144 0.486724
 4.94471 1.84066 0.575374
 4.92619 1.85981 0.582137
 4.98236 1.8733 0.53619
 4.99171 1.8443 0.520761
 4.85258 1.81612 0.603105
 4.90802 1.79604 0.587882
 4.96355 1.78316 0.553515
 4.98303 1.80634 0.505779
 5.01143 1.87557 0.463205
 4.96494 2.05358 0.499903
 4.88157 2.09457 0.539949
 5.02008 1.97817 0.480978
 4.826 2.08918 0.576083
 4.78848 2.02805 0.608619
 4.7983 2.11819 0.591085
 4.75152 2.03966 0.634134
 4.87254 2.15926 0.542891
 5.00244 2.10575 0.468233
 5.0575 2.00275 0.451974
 5.07599 1.901 0.443793
 5.03029 1.82742 0.440803
 4.93607 1.73767 0.557276
 4.87115 1.74124 0.592326
 4.81618 1.79786 0.604026
 5.08581 1.8885 0.408327
 5.09538 1.96124 0.401516
 5.05818 1.78819 0.417387
 4.91797 1.68148 0.544201
 4.86264 1.68414 0.570155
 4.75234 1.72339 0.591296
 4.69761 1.76806 0.576663
 5.03064 2.1022 0.432329
 5.0672 2.0277 0.422291
 4.88186 2.19454 0.530288
 4.80779 2.14365 0.570393
 4.72896 2.03615 0.614307
 4.74405 2.17934 0.556057
 4.68811 2.04638 0.604518
 4.83733 2.23568 0.479332
 4.99598 2.14879 0.344534
 5.06084 2.05333 0.309324
 5.09706 1.95421 0.328795
 5.10559 1.86409 0.347113
 4.97139 2.14669 0.224781
 4.73944 2.29917 0.369987
 5.07217 2.04363 0.209228
 5.12716 1.94276 0.211214
 5.1527 1.83066 0.287042
 5.13317 1.71556 0.334258
 4.98282 1.50307 0.507606
 4.92728 1.48695 0.526327
 4.71565 1.5022 0.584339
 4.79841 1.47315 0.570618
 4.61541 1.63964 0.577768
 4.55148 1.84175 0.575191
 4.53311 1.98901 0.578975
 4.63658 2.26338 0.471997
 4.5613 2.13307 0.547248
 5.15664 1.9429 0.119993
 5.21882 1.80355 0.199306
 5.21686 1.63664 0.279797
 5.22319 1.37149 0.388069
 5.23318 1.44246 0.362988
 4.59648 1.51299 0.598982
 4.67912 1.43843 0.589658
 4.56002 1.60402 0.589333
 4.45968 1.77888 0.588185
 4.43261 1.87887 0.577888
 4.43302 2.02471 0.563794
 4.635 2.36912 0.140117
 4.57757 2.38953 0.256196
 4.47235 2.32513 0.443764
 4.29677 2.26042 0.528796
 4.38948 2.19042 0.47332
 5.15832 1.23677 0.418043
 4.7616 1.36301 0.57137
 5.32114 1.79556 0.119606
 5.52819 1.44018 0.250666
 5.60489 1.54609 0.113773
 5.42578 1.26437 0.329687
 5.39797 1.17424 0.346802
 4.74325 1.05921 0.563421
 4.5679 1.1498 0.642484
 4.44901 1.26093 0.647431
 4.32961 1.4648 0.661485
 4.30362 1.79991 0.610388
 4.30456 1.90654 0.572242
 5.68704 1.49964 0.110765
 5.64719 1.39461 0.257833
 5.56325 1.2353 0.317238
 5.5808 1.17413 0.351054
 5.37946 1.04582 0.349748
 5.47078 1.00957 0.355371
 5.58022 1.04747 0.372696
 5.59828 1.09474 0.386994
 5.37071 0.980272 0.337432
 5.43459 0.970412 0.330823
 5.37365 0.885375 0.20884
 4.72881 0.878731 0.405801
 5.29901 0.908991 0.260177
 5.26443 0.855571 0.181694
 4.71207 0.770512 0.333393
 4.3335 0.951176 0.481517
 4.41647 0.921264 0.458839
 4.29789 0.911506 0.447987
 4.3198 0.731007 0.291212
 4.21637 0.852328 0.405873
 4.27723 1.07775 0.550819
 4.14119 1.00877 0.499342
 4.17544 1.35033 0.613988
 4.08556 1.28888 0.544406
 4.14888 1.75992 0.573765
 4.07685 1.7466 0.527436
 4.18726 2.59022 0.135844
 4.20332 2.58919 0.219164
 4.44014 2.51053 0.269164
 4.45238 2.52456 0.130255
 4.20994 2.60061 0.337597
 4.41084 2.50017 0.351972
 4.42989 2.49576 0.306894
 4.08836 2.51091 0.453793
 4.05526 2.50528 0.297282
 4.03575 2.39954 0.343957
 4.0438 2.38652 0.400392
 4.02902 2.51918 0.249385
 4.00011 2.42416 0.313254
 4.02536 2.3593 0.402597
 3.828 2.35254 0.233341
 3.87055 2.29211 0.368964
 3.90391 2.2415 0.512468
 4.07756 2.30519 0.510338
 3.92244 1.97246 0.483563
 3.96664 1.96929 0.549291
 4.11393 2.33413 0.526471
 4.07851 2.41181 0.472193
 3.92887 2.22392 0.615683
 4.1123 2.28583 0.5955
 3.98291 1.98739 0.639809
 3.99074 2.20545 0.710795
 4.14607 2.2781 0.707372
 4.01751 1.99617 0.731654
 4.21297 2.30318 0.587113
 4.21206 2.27945 0.625927
 4.21542 2.35048 0.885764
 4.27301 2.31053 0.762172
 4.22933 2.27452 0.672749
 4.05971 2.19491 0.888152
 4.17214 2.30339 0.778972
 4.19423 2.40833 1.00847
 4.04741 2.20721 1.01511
 4.06199 2.23199 1.17838
 4.09736 2.3666 1.23999
 4.30709 2.36748 0.877202
 4.26626 2.42165 1.0548
 4.17047 2.45844 1.24185
 4.22852 2.43503 1.09857
 4.05831 2.29336 1.33805
 4.09412 2.42617 1.38103
 4.04667 2.34135 1.45253
 4.03152 1.96825 0.91846
 4.03695 1.99217 1.07256
 4.02486 2.10657 1.2081
 4.08299 2.17581 1.45093
 4.1033 2.03856 1.36374
 4.15217 1.86878 1.225
 4.1279 1.82836 1.09051
 4.05989 1.86046 0.470087
 4.09411 1.88928 0.578435
 4.1503 1.82057 0.917046
 4.26732 2.12199 0.61494
 4.27489 2.22003 0.679075
 4.10173 2.31232 1.43816
 4.14893 2.38873 1.37688
 4.1694 2.30628 1.28403
 4.1401 2.29595 1.3672
 4.14176 2.27996 1.29534
 4.19764 2.39464 1.24865
 4.19932 2.30465 1.17454
 4.38099 2.2077 0.839016
 4.35441 2.10298 0.80258
 4.36975 2.2982 0.921894
 4.30319 2.34712 1.04441
 4.24586 2.37509 1.14131
 4.21846 2.35683 1.14244
 4.21181 2.28249 1.03914
 4.2228 2.22818 0.952752
 4.19761 2.16406 0.857433
 4.15317 2.08482 0.799668
 4.13195 2.05076 0.921856
 4.11999 2.0631 1.04918
 4.12616 2.12093 1.17252
 4.13317 2.17523 1.25932
 4.35494 2.06416 0.778851
 4.28129 2.05575 0.787
 4.24522 2.00853 0.772641
 3.82335 2.14173 0.428356
 -3.38084 1.81969 0.123273
 -3.35701 1.78167 0.071216
 -3.65524 -0.194907 0.019209
 5.38845 1.11942 0.351883
 2.45259 -0.244072 -1.1388
 -3.67243 1.04422 -0.364991
 -3.51684 0.149002 -0.430359
 5.58022 1.04747 -0.372696
 -1.3051 -1.70846 0.48423
 -2.04206 -1.31298 -0.940911
 -2.33762 -1.33484 -0.966761
 -1.77679 -1.27511 -0.914703
 -2.46284 -1.3055 -0.966395
 -1.70917 -1.28323 -0.897427
 -2.41778 -1.55314 -0.887222
 -2.59136 -1.51084 -0.88547
 -2.04988 -1.56237 -0.829319
 -1.77893 -1.5502 -0.776454
 -1.68633 -1.4144 -0.869373
 -1.65976 -1.54436 -0.788181
 -1.55223 -1.55508 -0.735708
 -1.60162 -1.59332 -0.605607
 -1.61003 -1.71157 0
 -1.5762 -1.69632 -0.358146
 -1.79983 -1.75314 0
 -1.76405 -1.76499 -0.406586
 -1.74779 -1.66761 -0.60634
 -2.50888 -1.71993 -0.721675
 -2.73418 -1.71795 -0.749581
 -2.03737 -1.73636 -0.656787
 -1.88316 -1.82972 -0.401567
 -2.02724 -1.81301 -0.555232
 -2.17655 -1.87382 -0.445782
 -2.44637 -1.89326 -0.49411
 -2.54774 -1.83302 -0.609321
 -2.69997 -1.8504 -0.57007
 -3.12091 -1.70792 -0.431829
 -2.7094 -1.87995 -0.508775
 -2.61408 -1.905 -0.404925
 -2.65687 -1.85304 0
 -2.09292 -1.83962 0
 -2.06273 -1.88425 -0.307336
 -3.31487 -1.59908 -0.439626
 -3.3048 -1.58219 -0.643445
 -3.13939 -1.68748 -0.638546
 -3.44209 -1.48412 -0.406377
 -3.38725 -1.48603 -0.672861
 -3.55787 -1.32594 -0.37803
 -3.53391 -1.33045 -0.568246
 -3.63959 -1.1401 -0.3338
 -3.63118 -1.15784 -0.50561
 -3.6766 -0.729578 -0.330724
 -3.66577 -0.73408 -0.446286
 -3.57024 -0.060093 -0.344854
 -3.52971 -0.065998 -0.437217
 -3.54451 0.467147 0
 -3.58376 -0.052271 0
 -3.67361 -0.720796 0
 -3.67879 -0.926816 0
 -3.52211 -1.36662 0
 -3.65058 -1.14245 0
 -3.41769 -1.49442 0
 -3.27103 -1.60929 0
 -3.1103 -1.69172 0
 -3.56999 -0.731989 -0.649435
 -3.4926 -1.18065 -0.692282
 -3.33594 -1.36568 -0.72459
 -3.43823 -0.721479 -0.728141
 -3.27979 -1.16207 -0.784602
 -3.62386 0.911561 0
 -3.60167 1.29305 0
 -1.93357 -1.99303 -0.438902
 -2.03574 -1.98118 -0.547873
 -2.14162 -2.0243 -0.470257
 -2.0609 -2.0317 -0.372079
 -1.97834 -2.02354 -0.398257
 -2.49914 -2.03809 -0.504529
 -2.57102 -1.99538 -0.58623
 -2.67897 -2.00769 -0.558395
 -2.68566 -2.02865 -0.514928
 -2.61807 -2.04642 -0.441284
 -2.06565 -2.12462 -0.36872
 -1.98512 -2.11666 -0.394256
 -2.14439 -2.11741 -0.464489
 -2.04111 -2.07535 -0.540201
 -1.94144 -2.0869 -0.433904
 -2.51319 -2.13086 -0.49792
 -2.6292 -2.13898 -0.436227
 -2.69514 -2.12165 -0.508064
 -2.68861 -2.10121 -0.550465
 -2.5833 -2.08919 -0.577616
 -2.04868 -2.16528 -0.450843
 -2.60328 -2.1768 -0.510638
 -2.81158 -1.79821 -0.712737
 -3.60859 1.16358 0
 -2.33762 -1.33484 0.966761
 -2.04206 -1.31298 0.940911
 -1.77679 -1.27511 0.914703
 -2.46284 -1.3055 0.966395
 -1.70917 -1.28323 0.897427
 -2.59136 -1.51084 0.88547
 -2.41778 -1.55314 0.887222
 -2.04988 -1.56237 0.829319
 -1.77893 -1.5502 0.776454
 -1.65976 -1.54436 0.788181
 -1.68633 -1.4144 0.869373
 -1.55223 -1.55508 0.735708
 -1.60162 -1.59332 0.605607
 -1.5762 -1.69632 0.358146
 -1.76405 -1.76499 0.406586
 -1.74779 -1.66761 0.60634
 -2.73418 -1.71795 0.749581
 -2.50888 -1.71993 0.721675
 -2.03737 -1.73636 0.656787
 -2.02724 -1.81301 0.555232
 -2.54774 -1.83302 0.609321
 -2.44637 -1.89326 0.49411
 -2.17655 -1.87382 0.445782
 -2.81158 -1.79821 0.712737
 -2.69997 -1.8504 0.57007
 -2.61408 -1.905 0.404925
 -2.7094 -1.87995 0.508775
 -2.06273 -1.88425 0.307336
 -1.88316 -1.82972 0.401567
 -3.12091 -1.70792 0.431829
 -3.13939 -1.68748 0.638546
 -3.3048 -1.58219 0.643445
 -3.31487 -1.59908 0.439626
 -3.38725 -1.48603 0.672861
 -3.44209 -1.48412 0.406377
 -3.53391 -1.33045 0.568246
 -3.55787 -1.32594 0.37803
 -3.63118 -1.15784 0.50561
 -3.63959 -1.1401 0.3338
 -3.66577 -0.73408 0.446286
 -3.6766 -0.729578 0.330724
 -3.52971 -0.065998 0.437217
 -3.57024 -0.060093 0.344854
 -3.56999 -0.731989 0.649435
 -3.4926 -1.18065 0.692282
 -3.33594 -1.36568 0.72459
 -3.43823 -0.721479 0.728141
 -3.27979 -1.16207 0.784602
 -2.03574 -1.98118 0.547873
 -1.93357 -1.99303 0.438902
 -2.14162 -2.0243 0.470257
 -2.0609 -2.0317 0.372079
 -1.97834 -2.02354 0.398257
 -2.57102 -1.99538 0.58623
 -2.49914 -2.03809 0.504529
 -2.67897 -2.00769 0.558395
 -2.68566 -2.02865 0.514928
 -2.61807 -2.04642 0.441284
 -1.94144 -2.0869 0.433904
 -1.98512 -2.11666 0.394256
 -2.06565 -2.12462 0.36872
 -2.14439 -2.11741 0.464489
 -2.04111 -2.07535 0.540201
 -2.6292 -2.13898 0.436227
 -2.51319 -2.13086 0.49792
 -2.69514 -2.12165 0.508064
 -2.68861 -2.10121 0.550465
 -2.5833 -2.08919 0.577616
 -2.04868 -2.16528 0.450843
 -2.60328 -2.1768 0.510638
 1.73762 -2.48502 -0.918334
 1.80637 -2.94973 -0.984058
 1.73457 -2.96588 -0.986396
 1.67899 -2.51314 -0.891745
 2.0575 -2.88728 -0.844225
 1.91179 -2.89577 -0.950117
 1.86406 -2.46995 -0.935601
 1.95391 -2.46223 -0.830594
 1.73508 -3.02273 -0.972751
 1.80239 -3.08962 -0.961851
 1.72175 -3.11689 -0.979111
 1.8118 -3.13564 -0.933096
 2.14888 -3.22162 -1.0762
 2.03126 -3.25671 -1.11112
 1.89857 -3.06827 -0.994338
 1.98062 -3.0439 -0.964237
 1.92618 -3.28888 -1.09375
 1.85513 -3.08323 -0.986129
 2.20194 -3.22646 -0.996503
 2.11359 -3.01185 -0.851648
 2.23641 -3.22005 -0.89203
 1.86513 -3.35383 -1.05498
 1.84189 -3.246 -1.01477
 1.74185 -3.11418 -0.700705
 1.77602 -2.98009 -0.707575
 1.70595 -3.00663 -0.83263
 1.90048 -3.13193 -0.728621
 1.66349 -2.48596 -0.790773
 1.65595 -2.52093 -0.844269
 2.07369 -3.02085 -0.782654
 2.18749 -3.16154 -0.800285
 2.23594 -3.2431 -0.823955
 2.00134 -2.84771 -0.762517
 1.85747 -2.95072 -0.669988
 1.94563 -2.87671 -0.703118
 1.9981 -3.03995 -0.718855
 1.82866 -2.47735 -0.67347
 1.75635 -2.4464 -0.705428
 1.94726 -2.44323 -0.732587
 2.05922 -3.23008 -0.674936
 2.0477 -2.05014 -0.814712
 1.91864 -2.08365 -1.00127
 1.93701 -1.62542 -1.02684
 2.05984 -1.56133 -0.858957
 1.5293 -2.09208 -0.887353
 1.72003 -2.10557 -0.971354
 1.48063 -1.64013 -0.953447
 1.54175 -1.64361 -1.01419
 1.54409 -2.08072 -0.786432
 1.6434 -2.07658 -0.689565
 1.65032 -1.64588 -1.05335
 1.74767 -2.06752 -0.638841
 1.94521 -2.01577 -0.672724
 2.11156 -1.37694 -0.89657
 2.22208 -0.957342 -1.01414
 1.97422 -1.46921 -1.06895
 2.05819 -0.931238 -1.16352
 1.6124 -1.48573 -1.09973
 1.63514 -0.965221 -1.18497
 1.45482 -1.43023 -0.976569
 1.42888 -0.98669 -1.13391
 2.34608 -0.74535 -1.0133
 2.01353 -0.662303 -1.19149
 2.24562 -0.864372 -0.995778
 1.64009 -0.674556 -1.2468
 1.64418 -0.857872 -1.20849
 1.53604 -0.985876 -1.1856
 1.94132 -3.4348 -0.701314
 2.10799 -3.36357 -0.677007
 1.58632 -2.27375 -0.880969
 2.25241 -3.467 -1.2365
 2.34229 -3.46424 -1.19598
 2.02349 -3.47182 -1.20624
 2.38683 -3.46222 -1.13648
 1.91906 -3.47269 -1.11111
 2.00136 -3.46382 -0.689085
 2.43906 -3.45909 -1.02025
 2.37718 -3.45691 -0.80078
 2.12449 -3.46117 -0.702464
 2.24213 -3.45896 -0.734315
 -2.83715 -1.79173 -0.921563
 -2.68716 -1.53981 -0.988048
 -2.91829 -1.90418 -1.00466
 -2.76507 -1.56116 -1.08431
 -3.01092 -1.8845 -1.08351
 -2.86258 -1.54689 -1.11714
 -3.11748 -1.86689 -1.10803
 -2.95505 -1.49684 -1.12881
 -3.358 -1.8118 -0.975625
 -3.18895 -1.40828 -0.963611
 -3.49852 -1.76208 -0.762472
 -3.36599 -1.48517 -0.888076
 -3.49052 -1.76042 -0.903104
 -3.31982 -1.36502 -0.886015
 -3.0787 -2.55398 -1.04683
 -3.1625 -2.55638 -1.05841
 -3.25154 -2.56405 -1.02363
 -3.3473 -2.57363 -0.955211
 -3.02282 -2.52224 -0.979148
 -2.89244 -1.95081 -0.87812
 -3.03061 -2.31122 -0.88433
 -3.04661 -2.51088 -0.900772
 -2.96422 -1.97873 -0.776572
 -3.24055 -2.55547 -0.856262
 -3.38126 -1.82819 -0.697034
 -3.211 -1.8504 -0.700723
 -3.29789 -2.54902 -0.861657
 -3.37207 -2.56916 -0.904785
 -3.3421 -1.53399 -0.921628
 -2.56675 -1.21131 -1.1671
 -2.61647 -0.511373 -1.34413
 -2.72578 -1.21486 -1.19038
 -3.09627 -0.6681 -1.14008
 -3.15021 -1.25959 -1.00102
 -3.23333 -0.683782 -1.01551
 -3.27751 -1.17735 -0.9153
 -3.22329 -3.00178 -1.12618
 -3.30242 -3.01792 -1.12851
 -3.32033 -2.82751 -1.06391
 -2.98635 -2.93377 -1.08768
 -3.10711 -2.94782 -1.09223
 -2.94653 -2.93933 -0.986343
 -3.30186 -3.07478 -1.11487
 -3.22768 -3.14166 -1.10397
 -3.31655 -3.16893 -1.12123
 -3.21731 -3.18769 -1.07521
 -2.84582 -3.27366 -1.21832
 -2.97544 -3.30875 -1.25324
 -3.12167 -3.12032 -1.13646
 -3.03125 -3.09594 -1.10635
 -3.09125 -3.34092 -1.23586
 -3.16955 -3.13527 -1.12825
 -2.78734 -3.2785 -1.13862
 -2.88471 -3.0639 -0.993766
 -2.74936 -3.2721 -1.03415
 -3.15852 -3.40587 -1.1971
 -3.18414 -3.29805 -1.15689
 -3.17711 -2.97931 -1.13908
 -3.29439 -3.16622 -0.842823
 -3.25673 -3.03213 -0.849693
 -3.33395 -3.05867 -0.974748
 -3.11957 -3.18398 -0.870739
 -2.92868 -3.07289 -0.924772
 -2.74987 -3.29515 -0.966073
 -3.00841 -2.89976 -0.904635
 -3.16697 -3.00277 -0.812106
 -3.07456 -3.48685 -0.843432
 -2.89089 -3.41562 -0.819125
 -3.23587 -2.33534 -0.820588
 -2.63067 -3.60131 -1.3367
 -2.72954 -3.60406 -1.37722
 -2.98182 -3.60889 -1.34696
 -2.58178 -3.59929 -1.2772
 -3.09724 -3.60976 -1.25182
 -3.00633 -3.60088 -0.829802
 -2.52399 -3.59616 -1.16097
 -2.59229 -3.59398 -0.941497
 -2.8705 -3.59823 -0.843181
 -3.72947 -0.869371 -0.096946
 -3.69978 -0.759901 -0.088664
 -3.69789 -0.951955 -0.098793
 -3.73377 -1.14192 -0.111139
 -3.80584 -0.798961 -0.099237
 -3.66654 -1.14037 -0.078261
 -3.74375 -1.36722 -0.100951
 -3.6397 -1.24235 -0.05719
 -3.82364 -1.55753 -0.081533
 -3.84326 -0.981402 -0.116282
 -3.91401 -1.48685 -0.149147
 -3.90096 -0.780883 -0.091579
 -3.94981 -0.963797 -0.140806
 -3.9745 -1.1696 -0.164243
 -3.97812 -0.82344 -0.09928
 -4.02973 -1.04324 -0.136305
 -4.12929 -1.22879 -0.120745
 -4.01887 -1.41319 -0.154149
 -4.07074 -0.947648 -0.110554
 -4.22764 -1.2279 -0.069894
 -4.22916 -1.47309 -0.11156
 -4.11245 -0.875765 -0.016326
 -4.23383 -1.16654 -0.022074
 -4.33383 -1.54825 -0.056938
 -3.85121 1.00759 -0.099831
 -3.80569 -0.190106 -0.051472
 -3.8524 -0.188615 0
 -3.90057 1.0025 0
 -3.87514 1.48036 0
 -3.86082 1.47972 -0.062137
 -3.71283 1.79449 0
 -3.69893 1.78794 -0.06664
 -3.75247 1.01775 -0.099865
 -3.69556 -0.19362 -0.051497
 -3.82169 1.47799 -0.107631
 -3.76824 1.47562 -0.124295
 -3.71479 1.47325 -0.107668
 -3.66093 1.77004 -0.115431
 -3.60902 1.74559 -0.133304
 -3.71631 1.02147 -0.057693
 -3.70307 1.02284 0
 -3.67564 1.47151 -0.062201
 -3.5571 1.72113 -0.11547
 -3.51909 1.70322 -0.066709
 -4.38715 -2.0083 -0.045602
 -4.40536 -1.92144 -0.192978
 -4.29777 -1.8899 -0.177707
 -4.20757 -1.92282 -0.155104
 -4.19249 -1.95385 -0.017313
 -4.32127 -2.00397 -0.025072
 -4.35154 -1.94767 -0.02502
 -4.44584 -2.01513 -0.189702
 -4.08326 -1.88703 0
 -4.10291 -1.90828 0
 -4.10719 -1.83652 -0.120149
 -4.1578 -1.93925 0
 -3.88518 -1.74471 -0.004403
 -3.88617 -1.73567 -0.004403
 -3.88725 -1.74349 -0.008806
 -3.89014 -1.73446 -0.004403
 -3.89311 -1.74231 -0.004403
 -3.89121 -1.74229 -0.008806
 -3.90798 -1.76166 -0.004403
 -3.91987 -1.77317 -0.004403
 -3.90608 -1.76165 -0.008806
 -3.59993 -0.880726 0
 -3.5965 -0.947005 0
 -3.61926 -1.30309 0
 -3.60325 -0.695111 0
 -3.62531 -0.392476 0
 -3.91983 -0.397832 0
 -3.6613 1.47088 0
 -4.22828 -1.94118 0
 -4.29926 -1.94 0
 -4.3116 -1.93046 0
 -4.33582 -1.91787 0
 -4.35139 -1.84088 0
 -4.35656 -1.77723 0
 -4.38932 -1.77955 -0.06542
 -4.31102 -1.51722 0
 -4.23631 -1.20226 0
 -4.23076 -1.16555 0
 -4.12653 -0.914435 0
 -4.10631 -0.875848 0
 -4.03961 -0.705347 0
 -3.87458 -1.74084 -0.004403
 -3.87938 -1.7473 -0.004403
 -3.88145 -1.74608 -0.008806
 -3.71764 -1.49456 0
 -3.76539 -1.57181 0
 -3.8783 -1.73947 0
 -3.9069 -1.75383 0
 -3.88807 -1.73568 0
 -4.36693 -1.78779 -0.140584
 -3.94939 -0.535638 -0.009338
 -3.69789 -0.951955 0.098793
 -3.69978 -0.759901 0.088664
 -3.72947 -0.869371 0.096946
 -3.80584 -0.798961 0.099237
 -3.73377 -1.14192 0.111139
 -3.66654 -1.14037 0.078261
 -3.74375 -1.36722 0.100951
 -3.6397 -1.24235 0.05719
 -3.82364 -1.55753 0.081533
 -3.84326 -0.981402 0.116282
 -3.91401 -1.48685 0.149147
 -3.94981 -0.963797 0.140806
 -3.90096 -0.780883 0.091579
 -3.9745 -1.1696 0.164243
 -4.02973 -1.04324 0.136305
 -3.97812 -0.82344 0.09928
 -4.12929 -1.22879 0.120745
 -4.01887 -1.41319 0.154149
 -4.22764 -1.2279 0.069894
 -4.07074 -0.947648 0.110554
 -4.22916 -1.47309 0.11156
 -4.23383 -1.16654 0.022074
 -4.11245 -0.875765 0.016326
 -4.33383 -1.54825 0.056938
 -3.80569 -0.190106 0.051472
 -3.85121 1.00759 0.099831
 -3.82169 1.47799 0.107631
 -3.86082 1.47972 0.062137
 -3.66093 1.77004 0.115431
 -3.69893 1.78794 0.06664
 -3.69556 -0.19362 0.051497
 -3.75247 1.01775 0.099865
 -3.71479 1.47325 0.107668
 -3.76824 1.47562 0.124295
 -3.5571 1.72113 0.11547
 -3.60902 1.74559 0.133304
 -3.71631 1.02147 0.057693
 -3.51909 1.70322 0.066709
 -3.67564 1.47151 0.062201
 -4.29777 -1.8899 0.177707
 -4.40536 -1.92144 0.192978
 -4.38715 -2.0083 0.045602
 -4.19249 -1.95385 0.017313
 -4.20757 -1.92282 0.155104
 -4.32127 -2.00397 0.025072
 -4.35154 -1.98816 0.02502
 -4.44584 -2.01513 0.189702
 -4.10719 -1.83652 0.120149
 -3.88725 -1.74349 0.008806
 -3.88617 -1.73567 0.004403
 -3.88518 -1.74471 0.004403
 -3.89121 -1.74229 0.008806
 -3.89311 -1.74231 0.004403
 -3.89014 -1.73446 0.004403
 -3.90608 -1.76165 0.008806
 -3.91987 -1.77317 0.004403
 -3.90798 -1.76166 0.004403
 -4.38932 -1.77955 0.06542
 -3.88145 -1.74608 0.008806
 -3.87938 -1.7473 0.004403
 -3.87458 -1.74084 0.004403
 -4.36693 -1.78779 0.140584
 -3.94939 -0.535638 0.009338
 4.9534 1.90794 -0.605609
 4.9255 1.91781 -0.613413
 4.89781 1.94679 -0.628057
 4.92539 1.95523 -0.618837
 4.97187 1.92408 -0.586026
 4.95374 1.95258 -0.592256
 4.97187 1.92408 0.586026
 4.95374 1.95258 0.592256
 4.92539 1.95523 0.618837
 4.89781 1.94679 0.628057
 4.9534 1.90794 0.605609
 4.9255 1.91781 0.613413
 5.84209 1.42771 -0.130724
 5.78373 1.34147 -0.28459
 5.76477 1.27982 -0.308562
 5.77341 1.22586 -0.323025
 5.91503 1.38216 -0.13682
 5.84799 1.31157 -0.261476
 5.97936 1.32553 -0.125337
 5.90884 1.38897 0
 5.96312 1.30778 -0.001098
 5.93147 1.23348 -0.215613
 5.744 1.48274 0
 5.99809 1.23187 -0.107334
 5.96353 1.23241 0
 5.9346 1.0548 -0.077039
 5.92711 1.13119 0
 5.89776 1.00931 -0.080583
 5.90878 1.06692 -0.001121
 5.87195 1.02143 -0.001102
 5.87863 0.986485 -0.128292
 5.92381 1.02528 -0.153084
 5.95946 1.15723 -0.187097
 5.83787 1.14149 -0.305184
 5.91215 1.11791 -0.254197
 5.85775 0.997026 -0.236768
 5.75751 0.9579 -0.210732
 5.53518 0.98018 -0.341257
 5.58073 0.99933 -0.349867
 5.8959 1.18273 -0.164705
 5.84979 1.19348 -0.181047
 5.80342 1.26079 -0.210002
 5.84066 1.22194 -0.187128
 5.48065 0.941387 -0.316248
 5.74861 0.92049 -0.205099
 5.70463 0.849158 -0.12813
 5.8514 0.929008 -0.105362
 5.83601 0.945722 -0.001092
 5.79741 0.880032 -0.072306
 5.78079 0.891286 -0.001059
 5.67962 0.8395 0
 5.56875 0.834653 -0.07139
 5.57925 0.837796 0
 5.8355 1.43628 0
 5.6812 0.840045 0
 5.67811 0.839434 0
 5.78103 0.891124 0
 5.83616 0.945551 0
 5.83683 0.946572 0
 5.87229 1.02127 0
 5.90915 1.06674 0
 5.96326 1.30793 0
 5.46964 0.838722 -0.000798
 5.78373 1.34147 0.28459
 5.84209 1.42771 0.130724
 5.76477 1.27982 0.308562
 5.77341 1.22586 0.323025
 5.84799 1.31157 0.261476
 5.91503 1.38216 0.13682
 5.96312 1.30778 0.001098
 5.97936 1.32553 0.125337
 5.93147 1.23348 0.215613
 5.99809 1.23187 0.107334
 5.90878 1.06692 0.001121
 5.87195 1.02143 0.001102
 5.9346 1.0548 0.077039
 5.89776 1.00931 0.080583
 5.92381 1.02528 0.153084
 5.87863 0.986485 0.128292
 5.95946 1.15723 0.187097
 5.58073 0.99933 0.349867
 5.85775 0.997026 0.236768
 5.91215 1.11791 0.254197
 5.83787 1.14149 0.305184
 5.75751 0.9579 0.210732
 5.53518 0.98018 0.341257
 5.8959 1.18273 0.164705
 5.84979 1.19348 0.181047
 5.84066 1.22194 0.187128
 5.80342 1.26079 0.210002
 5.48065 0.941387 0.316248
 5.74861 0.92049 0.205099
 5.70463 0.849158 0.12813
 5.8514 0.929008 0.105362
 5.83601 0.945722 0.001092
 5.78079 0.891286 0.001059
 5.79741 0.880032 0.072306
 5.56875 0.834653 0.07139
 5.46964 0.838722 0.000798
 4.42303 2.56134 -0.603562
 4.27717 2.65244 -0.591369
 4.47609 2.60665 -0.692301
 4.5206 2.63916 -0.745542
 4.50955 2.71981 -0.819972
 4.41895 2.7074 -0.782531
 4.57454 2.66986 -0.780363
 4.44071 2.39847 -0.629128
 4.53818 2.51335 -0.776566
 4.60151 2.53332 -0.794193
 4.65657 2.68054 -0.799684
 4.68334 2.55422 -0.821927
 4.63691 2.7505 -0.856859
 4.73789 2.56465 -0.830389
 4.74803 2.6838 -0.800044
 4.71917 2.75109 -0.865965
 4.82957 2.5808 -0.821827
 4.82132 2.69179 -0.791887
 4.80144 2.75022 -0.858918
 5.09615 2.75972 -0.774729
 4.32063 2.38553 -0.682583
 4.47463 2.46521 -0.75189
 4.19279 2.41197 -0.668016
 4.2628 2.49067 -0.818316
 4.3526 2.52489 -0.890532
 4.49772 2.54748 -0.937659
 4.66222 2.55635 -0.940618
 4.76334 2.59083 -0.929248
 4.88302 2.61366 -0.893163
 4.75302 2.6997 -0.973279
 4.86371 2.72215 -0.93666
 4.6248 2.70837 -0.989445
 4.46079 2.69562 -0.949972
 4.34322 2.58954 -0.893106
 4.343 2.66405 -0.904347
 4.19396 2.37048 -0.616705
 4.13869 2.47401 -0.642311
 4.13849 2.55784 -0.652651
 4.27717 2.65244 0.591369
 4.42303 2.56134 0.603562
 4.41895 2.7074 0.782531
 4.5206 2.63916 0.745542
 4.47609 2.60665 0.692301
 4.57454 2.66986 0.780363
 4.50955 2.71981 0.819972
 4.44071 2.39847 0.629128
 4.53818 2.51335 0.776566
 4.47463 2.46521 0.75189
 4.60151 2.53332 0.794193
 4.68334 2.55422 0.821927
 4.65657 2.68054 0.799684
 4.63691 2.7505 0.856859
 4.74803 2.6838 0.800044
 4.73789 2.56465 0.830389
 4.71917 2.75109 0.865965
 4.82132 2.69179 0.791887
 4.82957 2.5808 0.821827
 4.80144 2.75022 0.858918
 5.09615 2.75972 0.774729
 4.19279 2.41197 0.668016
 4.19396 2.37048 0.616705
 4.2628 2.49067 0.818316
 4.32063 2.38553 0.682583
 4.3526 2.52489 0.890532
 4.49772 2.54748 0.937659
 4.66222 2.55635 0.940618
 4.76334 2.59083 0.929248
 4.88302 2.61366 0.893163
 4.86371 2.72215 0.93666
 4.75302 2.6997 0.973279
 4.6248 2.70837 0.989445
 4.46079 2.69562 0.949972
 4.343 2.66405 0.904347
 4.34322 2.58954 0.893106
 4.13869 2.47401 0.642311
 4.13849 2.55784 0.652651
 1.67899 -2.51314 0.891745
 1.73457 -2.96588 0.986396
 1.80637 -2.94973 0.984058
 1.73762 -2.48502 0.918334
 1.95391 -2.46223 0.830594
 1.86406 -2.46995 0.935601
 1.91179 -2.89577 0.950117
 2.0575 -2.88728 0.844225
 1.73508 -3.02273 0.972751
 1.72175 -3.11689 0.979111
 1.80239 -3.08962 0.961851
 1.8118 -3.13564 0.933096
 1.98062 -3.0439 0.964237
 1.89857 -3.06827 0.994338
 2.03126 -3.25671 1.11112
 2.14888 -3.22162 1.0762
 1.85513 -3.08323 0.986129
 1.92618 -3.28888 1.09375
 2.23641 -3.22005 0.89203
 2.11359 -3.01185 0.851648
 2.20194 -3.22646 0.996503
 1.84189 -3.246 1.01477
 1.86513 -3.35383 1.05498
 1.70595 -3.00663 0.83263
 1.77602 -2.98009 0.707575
 1.74185 -3.11418 0.700705
 1.90048 -3.13193 0.728621
 1.94132 -3.4348 0.701314
 1.65595 -2.52093 0.844269
 1.66349 -2.48596 0.790773
 2.23594 -3.2431 0.823955
 2.18749 -3.16154 0.800285
 2.07369 -3.02085 0.782654
 2.00134 -2.84771 0.762517
 1.85747 -2.95072 0.669988
 1.9981 -3.03995 0.718855
 1.94563 -2.87671 0.703118
 1.75635 -2.4464 0.705428
 1.82866 -2.47735 0.67347
 1.94726 -2.44323 0.732587
 2.10799 -3.36357 0.677007
 2.05922 -3.23008 0.674936
 1.91864 -2.08365 1.00127
 2.0477 -2.05014 0.814712
 2.05984 -1.56133 0.858957
 1.93701 -1.62542 1.02684
 1.72003 -2.10557 0.971354
 1.5293 -2.09208 0.887353
 1.65032 -1.64588 1.05335
 1.54175 -1.64361 1.01419
 1.48063 -1.64013 0.953447
 1.58632 -2.27375 0.880969
 1.54409 -2.08072 0.786432
 1.6434 -2.07658 0.689565
 1.74767 -2.06752 0.638841
 1.94521 -2.01577 0.672724
 2.22208 -0.957342 1.01414
 2.11156 -1.37694 0.89657
 2.05819 -0.931238 1.16352
 1.97422 -1.46921 1.06895
 1.63514 -0.965221 1.18497
 1.6124 -1.48573 1.09973
 1.53604 -0.985876 1.1856
 1.42888 -0.98669 1.13391
 1.45482 -1.43023 0.976569
 2.24562 -0.864372 0.995778
 2.34608 -0.74535 1.0133
 2.01353 -0.662303 1.19149
 1.64418 -0.857872 1.20849
 1.64009 -0.674556 1.2468
 2.34229 -3.46424 1.19598
 2.25241 -3.467 1.2365
 2.02349 -3.47182 1.20624
 2.38683 -3.46222 1.13648
 1.91906 -3.47269 1.11111
 2.12449 -3.46117 0.702464
 2.24213 -3.45896 0.734315
 2.37718 -3.45691 0.80078
 2.43906 -3.45909 1.02025
 2.00136 -3.46382 0.689085
 -2.68716 -1.53981 0.988048
 -2.83715 -1.79173 0.921563
 -2.76507 -1.56116 1.08431
 -2.91829 -1.90418 1.00466
 -2.86258 -1.54689 1.11714
 -3.01092 -1.8845 1.08351
 -2.95505 -1.49684 1.12881
 -3.11748 -1.86689 1.10803
 -3.18895 -1.40828 0.963611
 -3.358 -1.8118 0.975625
 -3.49052 -1.76042 0.903104
 -3.36599 -1.48517 0.888076
 -3.49852 -1.76208 0.762472
 -3.31982 -1.36502 0.886015
 -3.1625 -2.55638 1.05841
 -3.0787 -2.55398 1.04683
 -3.25154 -2.56405 1.02363
 -3.3473 -2.57363 0.955211
 -3.02282 -2.52224 0.979148
 -2.89244 -1.95081 0.87812
 -3.04661 -2.51088 0.900772
 -3.03061 -2.31122 0.88433
 -2.96422 -1.97873 0.776572
 -3.23587 -2.33534 0.820588
 -3.211 -1.8504 0.700723
 -3.38126 -1.82819 0.697034
 -3.24055 -2.55547 0.856262
 -3.29789 -2.54902 0.861657
 -3.37207 -2.56916 0.904785
 -3.3421 -1.53399 0.921628
 -2.56675 -1.21131 1.1671
 -2.61647 -0.511373 1.34413
 -2.72578 -1.21486 1.19038
 -3.09627 -0.6681 1.14008
 -3.15021 -1.25959 1.00102
 -3.23333 -0.683782 1.01551
 -3.27751 -1.17735 0.9153
 -3.32033 -2.82751 1.06391
 -3.30242 -3.01792 1.12851
 -3.10711 -2.94782 1.09223
 -2.98635 -2.93377 1.08768
 -2.94653 -2.93933 0.986343
 -3.30186 -3.07478 1.11487
 -3.22329 -3.00178 1.12618
 -3.31655 -3.16893 1.12123
 -3.22768 -3.14166 1.10397
 -3.21731 -3.18769 1.07521
 -3.03125 -3.09594 1.10635
 -3.12167 -3.12032 1.13646
 -2.97544 -3.30875 1.25324
 -2.84582 -3.27366 1.21832
 -3.16955 -3.13527 1.12825
 -3.09125 -3.34092 1.23586
 -2.78734 -3.2785 1.13862
 -2.74936 -3.2721 1.03415
 -2.88471 -3.0639 0.993766
 -3.18414 -3.29805 1.15689
 -3.15852 -3.40587 1.1971
 -3.17711 -2.97931 1.13908
 -3.33395 -3.05867 0.974748
 -3.25673 -3.03213 0.849693
 -3.29439 -3.16622 0.842823
 -3.11957 -3.18398 0.870739
 -3.07456 -3.48685 0.843432
 -2.74987 -3.29515 0.966073
 -2.92868 -3.07289 0.924772
 -3.00841 -2.89976 0.904635
 -3.16697 -3.00277 0.812106
 -2.89089 -3.41562 0.819125
 -2.72954 -3.60406 1.37722
 -2.63067 -3.60131 1.3367
 -2.98182 -3.60889 1.34696
 -2.58178 -3.59929 1.2772
 -3.09724 -3.60976 1.25182
 -3.00633 -3.60088 0.829802
 -2.8705 -3.59823 0.843181
 -2.59229 -3.59398 0.941497
 -2.52399 -3.59616 1.16097
2150
 1 2 3 1 
 4 5 2 1 
 4 6 5 4 
 5 6 7 8 
 9 2 5 10 
 11 3 2 9 
 9 12 11 9 
 10 13 12 9 
 10 14 13 10 
 10 8 14 10 
 6 15 7 6 
 16 8 7 16 
 17 8 16 17 
 17 18 14 8 
 19 13 14 18 
 19 20 21 12 
 22 11 12 21 
 16 23 24 17 
 18 17 24 25 
 26 19 18 25 
 20 19 26 27 
 28 22 21 29 
 27 26 30 31 
 32 28 29 31 
 33 34 35 36 
 37 33 15 6 
 6 4 38 39 
 33 16 15 33 
 33 36 16 33 
 23 16 36 40 
 40 36 35 41 
 16 7 15 16 
 39 37 6 39 
 42 43 44 45 
 42 46 47 43 
 48 43 47 48 
 49 47 46 50 
 51 52 53 50 
 53 52 54 55 
 53 55 56 57 
 58 48 47 57 
 44 43 48 59 
 58 60 61 59 
 62 63 54 52 
 64 54 63 65 
 66 55 54 64 
 67 56 55 66 
 68 60 56 67 
 28 69 22 28 
 70 71 72 73 
 73 72 74 75 
 76 75 77 78 
 78 77 79 80 
 80 79 81 82 
 81 83 34 82 
 83 84 85 35 
 35 85 86 41 
 87 88 89 90 
 91 92 86 85 
 91 85 84 83 
 93 83 81 94 
 79 95 94 81 
 96 95 79 77 
 97 98 96 77 
 97 87 90 99 
 100 76 101 102 
 76 103 78 104 
 78 80 105 104 
 80 82 106 107 
 82 34 108 109 
 72 71 88 87 
 70 73 100 70 
 75 74 72 87 
 110 104 111 112 
 1 113 38 4 
 113 114 115 38 
 114 116 117 118 
 117 112 111 118 
 109 39 38 115 
 104 105 111 104 
 105 107 106 118 
 106 109 115 118 
 101 119 120 102 
 101 104 121 119 
 104 110 112 122 
 112 117 123 122 
 117 116 114 124 
 114 113 125 124 
 113 1 125 113 
 126 120 119 127 
 128 129 124 125 
 124 129 130 123 
 130 131 122 123 
 131 132 121 122 
 132 127 119 121 
 133 134 135 136 
 136 135 137 138 
 138 137 139 140 
 140 139 141 142 
 142 141 143 144 
 144 143 145 146 
 146 145 147 148 
 148 147 149 150 
 150 149 151 152 
 152 151 153 62 
 62 153 154 63 
 63 154 155 65 
 156 157 158 159 
 159 158 160 161 
 161 160 162 163 
 163 162 164 165 
 165 164 166 167 
 167 166 168 169 
 169 168 170 171 
 171 170 172 173 
 173 172 51 50 
 174 175 176 177 
 177 176 178 179 
 179 178 180 181 
 181 180 182 183 
 183 182 184 185 
 185 184 186 187 
 187 186 188 189 
 189 188 190 191 
 126 127 192 193 
 127 132 194 192 
 132 131 195 194 
 131 130 196 195 
 130 129 197 196 
 129 128 198 197 
 69 32 199 200 
 201 202 203 204 
 202 205 206 203 
 28 32 69 28 
 206 205 199 207 
 205 200 199 205 
 201 204 208 209 
 210 209 208 210 
 134 193 192 134 
 155 154 206 207 
 154 153 203 206 
 153 151 204 203 
 151 149 147 208 
 147 145 210 208 
 145 143 197 198 
 143 141 196 197 
 141 139 195 196 
 195 137 135 194 
 194 135 134 192 
 157 133 136 158 
 158 136 211 138 
 162 140 142 164 
 164 142 144 166 
 166 144 146 168 
 168 146 148 170 
 170 148 150 172 
 172 150 152 51 
 51 152 62 52 
 175 156 159 176 
 176 159 161 178 
 178 161 163 180 
 180 163 165 182 
 182 165 167 184 
 184 167 169 186 
 186 169 171 188 
 188 171 173 190 
 190 173 50 46 
 212 174 177 213 
 213 177 179 214 
 214 179 215 181 
 216 181 183 217 
 217 183 185 218 
 218 185 187 219 
 219 187 189 220 
 220 189 191 221 
 222 212 213 223 
 223 213 214 224 
 224 214 225 224 
 226 216 217 227 
 227 217 218 228 
 228 218 219 229 
 229 219 220 230 
 230 220 221 231 
 231 221 232 233 
 190 46 42 191 
 221 191 234 232 
 234 191 45 234 
 45 191 42 45 
 235 222 223 236 
 236 223 224 237 
 237 224 225 238 
 238 225 226 239 
 239 226 227 240 
 240 227 228 241 
 241 228 229 242 
 242 229 230 243 
 243 230 231 244 
 244 231 233 245 
 246 235 236 247 
 247 236 248 237 
 249 237 238 250 
 250 238 239 251 
 251 239 240 252 
 252 240 241 253 
 253 241 242 254 
 254 242 243 255 
 256 246 247 257 
 257 247 258 249 
 259 249 250 260 
 260 250 251 261 
 261 251 252 262 
 262 252 253 263 
 263 253 254 264 
 265 266 267 268 
 268 267 259 260 
 269 260 261 270 
 270 261 271 262 
 272 262 263 273 
 273 263 264 274 
 275 265 268 276 
 276 268 269 277 
 277 269 270 278 
 278 270 272 279 
 279 272 273 280 
 280 273 274 281 
 282 275 276 283 
 283 276 277 284 
 284 277 278 285 
 285 278 279 286 
 286 279 280 287 
 287 280 281 288 
 288 289 290 291 
 286 292 287 293 
 287 294 288 291 
 295 296 297 298 
 299 295 298 300 
 301 299 300 301 
 302 301 300 302 
 256 257 298 297 
 298 257 300 298 
 257 302 300 257 
 267 301 302 267 
 259 267 302 259 
 303 304 305 306 
 307 308 309 310 
 311 312 313 311 
 304 303 314 315 
 316 315 314 317 
 318 319 304 315 
 320 318 315 316 
 321 320 316 321 
 322 321 316 322 
 313 307 323 324 
 325 313 324 325 
 325 322 313 325 
 323 307 310 326 
 305 327 326 310 
 326 327 328 329 
 323 326 329 330 
 324 323 330 331 
 325 324 331 332 
 322 325 332 333 
 334 322 333 334 
 321 322 334 335 
 335 336 318 320 
 336 337 319 318 
 319 337 305 319 
 338 339 333 338 
 340 334 333 339 
 335 334 340 341 
 341 342 336 335 
 342 343 337 336 
 343 344 305 337 
 345 332 331 346 
 331 330 347 346 
 329 348 347 330 
 328 349 348 329 
 305 344 349 328 
 349 350 351 348 
 347 348 351 352 
 346 347 352 353 
 345 346 353 354 
 338 345 354 355 
 356 339 338 355 
 356 340 339 356 
 349 344 350 349 
 353 352 357 358 
 354 353 358 359 
 355 354 359 360 
 356 355 360 361 
 362 340 356 361 
 341 340 362 363 
 363 364 342 341 
 364 365 366 343 
 366 367 344 343 
 367 368 350 344 
 350 368 369 350 
 350 370 371 351 
 350 369 370 350 
 360 359 372 373 
 361 360 373 374 
 362 361 374 375 
 375 376 377 363 
 378 379 367 366 
 379 380 367 379 
 380 381 368 367 
 368 381 382 369 
 369 382 383 370 
 357 371 384 385 
 384 371 386 384 
 370 387 388 386 
 370 383 387 370 
 389 364 363 377 
 365 364 389 390 
 390 378 366 390 
 374 373 391 392 
 393 392 391 393 
 394 392 393 395 
 374 392 394 396 
 376 375 396 397 
 398 389 377 397 
 389 399 390 389 
 378 390 399 400 
 379 378 400 401 
 380 379 401 402 
 403 381 380 402 
 381 403 404 382 
 394 405 406 407 
 396 394 407 408 
 396 408 409 397 
 410 398 397 409 
 411 398 410 412 
 413 414 415 416 
 414 417 415 414 
 399 416 415 418 
 417 418 415 417 
 419 420 421 422 
 417 423 418 417 
 424 425 418 423 
 400 399 425 426 
 424 427 428 426 
 429 424 422 430 
 424 429 431 427 
 401 400 428 432 
 427 431 433 427 
 428 427 433 432 
 432 433 434 435 
 401 432 435 402 
 403 402 435 436 
 435 434 437 436 
 391 373 372 391 
 438 439 440 441 
 439 442 443 444 
 438 384 439 438 
 439 384 386 443 
 445 446 447 448 
 441 440 448 449 
 440 444 450 448 
 449 448 447 451 
 452 453 451 454 
 446 454 451 447 
 455 456 452 454 
 457 452 456 458 
 445 459 446 445 
 455 454 446 459 
 456 455 460 461 
 456 461 462 458 
 461 460 463 464 
 461 464 465 462 
 388 466 459 388 
 466 460 455 459 
 463 460 466 467 
 468 463 467 469 
 463 468 470 471 
 472 473 474 475 
 475 474 471 470 
 476 477 470 476 
 478 475 470 477 
 472 475 478 479 
 480 481 472 482 
 480 483 481 480 
 464 471 484 465 
 474 485 484 471 
 474 473 486 485 
 472 481 473 472 
 473 481 486 473 
 483 487 481 483 
 481 487 488 486 
 489 485 486 488 
 489 490 484 485 
 491 492 493 458 
 462 491 458 462 
 465 491 462 465 
 494 491 465 494 
 490 494 465 484 
 387 383 495 387 
 388 387 495 496 
 497 498 483 480 
 499 498 497 500 
 501 499 500 501 
 502 497 480 482 
 497 502 503 500 
 495 504 505 496 
 388 467 466 388 
 388 469 467 388 
 388 496 469 388 
 469 496 476 469 
 496 477 476 496 
 505 506 477 496 
 477 506 507 478 
 478 507 508 479 
 482 479 508 502 
 508 509 503 502 
 507 510 503 509 
 510 507 506 511 
 511 506 505 512 
 504 495 383 382 
 504 513 512 505 
 512 513 514 512 
 512 514 515 511 
 511 515 516 510 
 510 516 517 503 
 503 517 501 500 
 514 494 490 515 
 515 490 489 516 
 516 489 488 517 
 517 488 487 501 
 501 487 499 501 
 499 487 498 499 
 404 491 518 519 
 404 403 436 491 
 504 519 513 504 
 520 519 504 520 
 514 513 519 518 
 306 305 310 309 
 304 319 305 304 
 313 312 308 307 
 322 316 317 311 
 322 311 313 322 
 352 351 371 357 
 338 333 332 345 
 483 498 487 483 
 436 437 492 491 
 492 437 96 492 
 437 434 95 96 
 434 433 94 95 
 433 431 93 94 
 431 429 91 93 
 429 430 92 91 
 452 521 99 90 
 492 96 493 492 
 96 98 493 96 
 493 98 457 493 
 98 521 452 457 
 301 267 266 301 
 266 522 523 301 
 522 524 523 522 
 525 526 451 453 
 89 525 453 90 
 526 527 449 451 
 527 528 441 449 
 529 530 385 529 
 531 529 385 384 
 528 531 438 441 
 530 532 358 357 
 532 533 372 359 
 534 535 536 534 
 399 389 398 411 
 98 97 521 98 
 34 37 39 109 
 34 33 37 34 
 137 195 139 137 
 160 138 140 162 
 225 214 537 216 
 538 539 540 538 
 540 539 541 542 
 541 543 542 541 
 544 545 546 543 
 544 541 539 547 
 547 539 538 548 
 548 549 547 548 
 547 549 550 544 
 550 551 544 550 
 551 545 544 551 
 546 552 543 546 
 546 545 553 546 
 553 545 554 553 
 545 551 555 554 
 555 551 550 556 
 550 549 557 558 
 557 549 548 559 
 554 24 23 553 
 25 24 554 555 
 30 25 555 556 
 557 560 561 562 
 560 557 559 563 
 560 31 30 562 
 31 560 563 32 
 564 565 566 567 
 543 552 567 568 
 569 570 542 543 
 552 553 567 552 
 553 564 567 553 
 40 564 553 23 
 41 565 564 40 
 552 546 553 552 
 543 568 569 543 
 571 572 573 574 
 573 575 576 574 
 575 573 577 575 
 578 579 576 575 
 579 578 580 581 
 582 583 580 578 
 584 575 585 586 
 587 586 585 575 
 588 577 573 572 
 577 588 589 587 
 580 583 590 591 
 65 590 583 64 
 64 583 582 66 
 66 582 586 67 
 67 586 587 68 
 559 592 563 559 
 593 594 71 70 
 100 595 596 597 
 598 599 600 596 
 601 602 600 599 
 603 604 602 601 
 603 566 605 604 
 566 565 606 607 
 41 86 606 565 
 608 89 88 609 
 606 86 92 610 
 611 605 607 606 
 612 604 605 611 
 604 612 613 602 
 600 602 613 614 
 596 600 614 615 
 616 617 608 609 
 102 618 595 100 
 618 619 599 598 
 619 620 601 599 
 620 621 622 603 
 622 623 624 566 
 609 88 71 594 
 100 593 70 100 
 625 609 594 597 
 626 627 619 628 
 542 570 629 540 
 570 630 631 629 
 630 632 633 634 
 632 627 626 633 
 630 570 569 623 
 627 620 619 627 
 627 632 622 621 
 632 630 623 622 
 102 120 635 618 
 635 636 619 618 
 636 637 626 628 
 637 638 633 626 
 638 639 640 631 
 640 641 629 631 
 641 540 629 641 
 642 635 120 126 
 641 640 643 644 
 639 638 645 643 
 638 637 646 645 
 637 636 647 646 
 636 635 642 647 
 648 649 134 133 
 650 651 652 649 
 653 654 652 651 
 655 656 654 653 
 657 658 656 655 
 659 660 658 657 
 661 662 660 659 
 663 664 662 661 
 665 666 664 663 
 591 667 666 665 
 590 668 667 591 
 65 155 668 590 
 669 670 157 156 
 671 672 670 669 
 673 674 672 671 
 675 676 674 673 
 677 678 676 675 
 679 680 678 677 
 681 682 680 679 
 683 684 682 681 
 579 581 684 683 
 685 686 175 174 
 687 688 686 685 
 689 690 691 688 
 692 693 691 690 
 694 695 693 692 
 696 697 695 694 
 698 699 697 696 
 700 701 699 698 
 193 702 642 126 
 702 703 647 642 
 703 704 646 647 
 704 705 645 646 
 705 706 643 645 
 706 707 644 643 
 708 199 32 592 
 709 710 711 712 
 710 713 714 711 
 592 32 563 592 
 207 199 714 713 
 199 708 714 199 
 715 716 709 712 
 716 715 717 716 
 702 193 134 702 
 207 713 668 155 
 713 710 667 668 
 710 709 666 667 
 709 716 662 664 
 716 717 660 662 
 717 707 706 658 
 706 705 656 658 
 705 704 654 656 
 703 649 652 704 
 702 134 649 703 
 670 648 133 157 
 672 651 650 648 
 676 655 653 674 
 678 657 655 676 
 680 659 657 678 
 682 661 659 680 
 684 663 661 682 
 581 665 663 684 
 580 591 665 581 
 686 669 156 175 
 688 671 669 686 
 691 673 671 688 
 693 675 673 691 
 695 677 675 693 
 697 679 677 695 
 699 681 679 697 
 701 683 681 699 
 576 579 683 701 
 718 685 174 212 
 719 687 685 718 
 720 721 690 689 
 722 692 690 721 
 723 694 692 722 
 724 696 694 723 
 725 698 696 724 
 726 700 698 725 
 727 718 212 222 
 728 719 718 727 
 729 719 728 729 
 730 722 721 731 
 732 723 722 730 
 733 724 723 732 
 734 725 724 733 
 735 726 725 734 
 736 737 726 735 
 700 574 576 701 
 737 738 700 726 
 571 700 738 571 
 574 700 571 574 
 739 727 222 235 
 740 741 728 727 
 742 729 728 741 
 743 731 729 742 
 744 730 731 743 
 745 732 730 744 
 746 733 732 745 
 747 734 733 746 
 748 735 734 747 
 749 736 735 748 
 750 739 235 246 
 751 752 741 740 
 753 742 741 752 
 754 743 742 753 
 755 744 743 754 
 756 745 744 755 
 757 746 745 756 
 758 747 746 757 
 759 750 246 256 
 760 761 752 751 
 762 753 752 761 
 763 754 753 762 
 764 765 755 754 
 766 756 755 765 
 767 757 756 766 
 768 769 266 265 
 770 762 761 769 
 771 763 762 770 
 772 765 764 763 
 773 766 765 772 
 774 767 766 773 
 775 768 265 275 
 776 770 768 775 
 777 771 770 776 
 778 772 771 777 
 779 773 772 778 
 780 774 773 779 
 781 775 275 282 
 782 776 775 781 
 783 777 776 782 
 784 785 778 777 
 786 787 779 778 
 788 789 780 779 
 790 791 792 789 
 793 787 786 785 
 793 794 790 789 
 795 297 296 796 
 797 795 796 798 
 797 798 799 797 
 797 799 760 797 
 297 795 759 256 
 797 759 795 797 
 797 760 759 797 
 760 799 769 760 
 760 769 761 760 
 800 801 802 803 
 804 805 806 807 
 808 809 810 808 
 811 812 803 802 
 813 812 811 814 
 811 802 815 816 
 814 811 816 817 
 814 817 818 814 
 814 818 819 814 
 820 821 807 808 
 820 808 822 820 
 808 819 822 808 
 823 804 807 821 
 804 823 824 801 
 825 826 824 823 
 827 825 823 821 
 828 827 821 820 
 829 828 820 822 
 830 829 822 819 
 830 819 831 830 
 817 832 831 819 
 817 816 833 832 
 816 815 834 833 
 801 834 815 801 
 830 835 836 830 
 835 830 831 837 
 838 837 831 832 
 832 833 839 838 
 833 834 840 839 
 834 801 841 840 
 842 828 829 843 
 842 844 827 828 
 827 844 845 825 
 825 845 846 826 
 824 826 846 841 
 845 847 848 846 
 849 847 845 844 
 850 849 844 842 
 851 850 842 843 
 852 851 843 836 
 852 836 835 853 
 835 837 853 835 
 848 841 846 848 
 854 855 849 850 
 856 854 850 851 
 857 856 851 852 
 858 857 852 853 
 858 853 837 859 
 860 859 837 838 
 838 839 861 860 
 839 840 862 863 
 840 841 864 862 
 841 848 865 864 
 866 865 848 866 
 847 867 868 848 
 868 866 848 868 
 869 372 856 857 
 870 869 857 858 
 871 870 858 859 
 859 860 872 873 
 862 864 874 875 
 864 876 874 864 
 864 865 877 876 
 866 878 877 865 
 868 879 878 866 
 880 881 867 855 
 882 867 881 882 
 867 882 883 884 
 884 879 868 884 
 872 860 861 885 
 862 886 885 861 
 862 875 886 862 
 887 391 869 870 
 391 887 393 391 
 405 395 393 887 
 871 888 889 887 
 872 890 888 871 
 890 872 885 891 
 886 892 885 886 
 893 892 886 875 
 894 893 875 874 
 895 894 874 876 
 895 876 877 896 
 878 897 896 877 
 898 406 405 889 
 899 898 889 888 
 890 900 899 888 
 900 890 891 901 
 902 903 904 905 
 902 906 907 903 
 906 908 907 906 
 909 910 906 902 
 906 910 908 906 
 911 912 422 421 
 910 911 908 910 
 911 910 909 912 
 913 914 909 892 
 909 914 913 915 
 430 422 912 916 
 915 917 916 912 
 918 913 893 894 
 919 917 915 919 
 918 919 915 913 
 920 921 919 918 
 895 920 918 894 
 922 920 895 896 
 922 923 921 920 
 372 869 391 372 
 924 925 926 927 
 925 928 929 930 
 926 881 927 926 
 930 929 882 881 
 931 932 933 934 
 935 932 925 924 
 932 931 928 925 
 936 933 932 935 
 937 936 938 939 
 933 936 937 934 
 937 939 940 941 
 942 943 940 939 
 934 944 945 934 
 944 934 937 941 
 946 947 941 940 
 943 948 946 940 
 949 950 947 946 
 948 951 949 946 
 944 952 883 944 
 944 941 947 952 
 953 952 947 950 
 954 955 956 953 
 949 957 954 958 
 959 960 961 962 
 954 957 960 959 
 954 963 955 954 
 963 954 959 964 
 965 966 964 959 
 965 962 967 968 
 967 969 968 967 
 951 970 957 949 
 957 970 971 960 
 971 972 961 960 
 961 967 962 961 
 972 967 961 972 
 967 973 969 967 
 972 974 973 967 
 974 972 971 975 
 971 970 976 975 
 943 942 977 978 
 943 978 948 943 
 948 978 951 948 
 951 978 979 951 
 970 951 979 976 
 980 879 884 980 
 981 980 884 883 
 968 969 982 983 
 984 983 982 985 
 984 985 986 984 
 965 968 983 987 
 984 988 987 983 
 981 989 990 980 
 952 953 883 952 
 953 956 883 953 
 956 981 883 956 
 955 981 956 955 
 955 963 981 955 
 981 963 991 989 
 964 992 991 963 
 966 993 992 964 
 987 993 966 965 
 987 988 994 993 
 993 994 988 995 
 996 991 992 995 
 997 989 991 996 
 897 878 879 980 
 989 997 998 990 
 999 998 997 999 
 996 1000 999 997 
 995 1001 1000 996 
 988 1002 1001 995 
 984 986 1002 988 
 1000 976 979 999 
 1001 975 976 1000 
 1002 974 975 1001 
 986 973 974 1002 
 985 973 986 985 
 982 973 985 982 
 990 1003 1004 1005 
 978 922 896 897 
 998 1004 990 998 
 990 1004 1003 990 
 979 978 1005 1004 
 805 804 801 800 
 801 815 802 801 
 807 806 809 808 
 810 813 814 819 
 808 810 819 808 
 855 867 847 849 
 843 829 830 836 
 973 982 969 973 
 978 977 923 922 
 614 923 977 614 
 614 613 921 923 
 613 612 919 921 
 612 611 917 919 
 611 610 916 917 
 610 92 430 916 
 938 608 617 616 
 942 614 977 942 
 942 615 614 942 
 1006 615 942 1006 
 1006 939 616 615 
 266 769 799 266 
 799 1007 522 266 
 1007 1008 522 1007 
 938 936 526 525 
 608 938 525 89 
 936 935 527 526 
 935 924 528 527 
 880 530 529 880 
 927 881 880 529 
 924 927 531 528 
 880 855 854 532 
 854 856 372 533 
 1009 535 534 1009 
 902 1010 891 885 
 616 625 615 616 
 624 623 569 568 
 568 567 566 568 
 654 704 652 654 
 674 653 651 672 
 731 721 720 719 
 5 8 10 5 
 19 12 13 19 
 26 25 30 26 
 20 27 29 21 
 27 31 29 27 
 49 50 53 49 
 53 57 47 49 
 58 57 56 60 
 58 59 48 58 
 73 75 76 100 
 76 78 103 76 
 83 35 34 83 
 91 83 93 91 
 97 77 75 97 
 97 99 521 97 
 76 104 101 76 
 80 107 105 80 
 82 109 106 82 
 75 87 97 75 
 114 118 115 114 
 105 118 111 105 
 104 122 121 104 
 117 124 1011 123 
 124 123 1011 124 
 136 138 211 136 
 179 181 215 179 
 151 208 204 151 
 145 198 210 145 
 158 138 160 158 
 214 181 216 537 
 236 237 248 236 
 247 237 249 258 
 257 249 259 302 
 261 262 271 261 
 268 260 269 268 
 270 262 272 270 
 285 286 1012 285 
 286 287 292 286 
 287 288 294 287 
 287 291 1013 293 
 321 335 320 321 
 305 328 327 305 
 364 343 342 364 
 375 363 362 375 
 370 386 371 370 
 365 390 366 365 
 394 395 405 394 
 374 396 375 374 
 376 397 377 376 
 411 412 1014 413 
 399 418 425 399 
 419 422 424 423 
 400 426 428 400 
 424 426 425 424 
 439 444 440 439 
 439 443 442 439 
 445 448 450 445 
 457 458 493 457 
 468 469 476 470 
 463 471 464 463 
 472 479 482 472 
 507 509 508 507 
 504 382 404 504 
 404 519 520 504 
 514 518 491 494 
 452 90 453 452 
 531 384 438 531 
 530 357 385 530 
 532 359 358 532 
 399 411 416 399 
 34 109 108 34 
 225 216 226 225 
 544 543 541 544 
 550 558 556 550 
 30 556 562 30 
 557 562 556 558 
 560 562 561 560 
 578 575 584 578 
 584 586 582 578 
 587 575 577 1015 
 577 587 1015 577 
 100 597 594 593 
 598 596 595 598 
 566 607 605 566 
 611 606 610 611 
 596 615 625 596 
 616 609 625 616 
 618 598 595 618 
 620 603 601 620 
 622 566 603 622 
 625 597 596 625 
 630 634 631 630 
 627 621 620 627 
 636 628 619 636 
 638 631 634 633 
 639 643 640 639 
 650 649 648 650 
 689 688 687 689 
 709 664 666 709 
 717 658 660 717 
 672 648 670 672 
 720 689 687 719 
 740 727 739 740 
 751 740 739 750 
 760 751 750 759 
 764 754 763 764 
 770 769 768 770 
 772 763 771 772 
 784 777 783 784 
 786 778 785 786 
 788 779 787 788 
 793 789 788 787 
 817 819 818 817 
 824 841 801 824 
 839 863 861 839 
 859 873 871 859 
 867 884 868 867 
 862 861 863 862 
 405 887 889 405 
 871 887 870 871 
 872 871 873 872 
 902 905 901 891 
 909 902 892 909 
 911 421 420 419 
 913 892 893 913 
 909 915 912 909 
 925 930 926 925 
 930 881 926 930 
 931 934 945 931 
 942 939 1006 942 
 954 953 950 958 
 949 958 950 949 
 965 959 962 965 
 993 995 992 993 
 897 980 990 897 
 990 1005 978 897 
 979 1004 998 999 
 938 616 939 938 
 927 529 531 927 
 880 532 530 880 
 854 533 532 854 
 902 885 892 902 
 624 568 566 624 
 731 719 729 731 
 411 413 416 411 
 902 891 1010 902 
 245 233 1016 1017 
 233 232 1018 1016 
 245 1017 1019 245 
 232 1020 1018 232 
 232 234 1020 232 
 1017 1021 1022 1019 
 1023 1021 1017 1016 
 1018 1024 1023 1016 
 1020 1025 1026 1024 
 1027 234 45 44 
 44 59 1028 1027 
 1028 59 61 60 
 1029 1030 60 68 
 1031 1032 1030 1029 
 1028 1030 1032 1033 
 1033 1024 1026 1028 
 1021 1034 1035 1022 
 1036 1034 1021 1023 
 1024 1033 1036 1023 
 1037 1038 1036 1033 
 1036 1038 1039 1040 
 1035 1034 1041 1042 
 1043 1044 1045 1046 
 1047 1046 1045 1040 
 1031 1047 1048 1037 
 1049 1050 1051 1043 
 1052 1053 1050 1049 
 1054 1055 1053 1052 
 1056 1057 1055 1054 
 1057 1056 1058 1059 
 1059 1058 1060 1061 
 1062 293 1060 1063 
 1058 1064 1063 1060 
 1065 1064 1058 1056 
 1054 1066 1067 1056 
 1052 1068 1066 1054 
 1049 1069 1068 1052 
 1043 1070 1069 1049 
 291 1061 1013 291 
 1061 291 1071 1059 
 1057 1059 1071 1072 
 1073 1055 1057 1072 
 1073 1053 1055 1073 
 289 1074 290 289 
 291 290 1074 1071 
 1072 1071 1074 1075 
 1075 1073 1072 1075 
 1075 1074 289 1075 
 286 293 1062 1076 
 282 283 1077 282 
 283 284 1077 283 
 1038 1037 1078 1079 
 1038 1079 1080 1039 
 1039 1080 1081 1048 
 1048 1081 1082 1078 
 1040 1083 1084 1041 
 1041 1084 1085 1042 
 1086 1044 1042 1085 
 1045 1044 1086 1087 
 1045 1087 1083 1040 
 1082 1081 1088 1089 
 1088 1081 1080 1090 
 1090 1080 1079 1091 
 1091 1079 1078 1092 
 1093 1083 1087 1094 
 1094 1087 1086 1095 
 1095 1086 1085 1096 
 1096 1085 1084 1097 
 1097 1084 1083 1093 
 1092 1098 1091 1092 
 1091 1098 1090 1091 
 1090 1098 1088 1090 
 1088 1098 1092 1089 
 1093 1099 1097 1093 
 1097 1099 1096 1097 
 1096 1099 1095 1096 
 1095 1099 1094 1095 
 1094 1099 1093 1094 
 1043 1051 1100 1042 
 1027 1028 1026 1027 
 234 1027 1026 1025 
 285 1076 1101 1077 
 286 1076 285 1012 
 293 1013 1061 1060 
 1102 1103 736 749 
 1103 1104 737 736 
 1105 1102 749 1105 
 1104 1106 737 1104 
 1106 738 737 1106 
 1105 1107 1108 1102 
 1103 1102 1108 1109 
 1103 1109 1110 1104 
 1104 1110 1111 1112 
 572 571 738 1113 
 1113 1114 588 572 
 1115 587 589 588 
 68 587 1115 1029 
 1029 1115 1116 1031 
 1117 1116 1115 1114 
 1114 1111 1110 1117 
 1107 1118 1119 1108 
 1109 1108 1119 1120 
 1109 1120 1117 1110 
 1116 1117 1120 1121 
 1119 1122 1123 1124 
 1125 1126 1122 1119 
 1070 1046 1127 1128 
 1129 1124 1123 1127 
 1116 1130 1129 1047 
 1131 1132 1133 1134 
 1134 1133 1135 1136 
 1136 1135 1137 1138 
 1138 1137 1139 1140 
 1141 1142 1140 1139 
 1143 1144 1142 1141 
 1063 1144 793 1062 
 1144 1063 1064 1142 
 1067 1140 1142 1064 
 1140 1067 1066 1138 
 1138 1066 1068 1136 
 1136 1068 1069 1134 
 1134 1069 1070 1131 
 794 1143 790 794 
 1141 1145 790 1143 
 1146 1145 1141 1139 
 1146 1139 1137 1147 
 1137 1135 1147 1137 
 791 1148 792 791 
 1145 1148 791 790 
 1149 1148 1145 1146 
 1146 1147 1149 1146 
 792 1148 1149 792 
 1076 1062 793 785 
 1077 781 282 1077 
 1077 782 781 1077 
 1150 1151 1130 1121 
 1124 1152 1150 1121 
 1129 1153 1152 1124 
 1130 1151 1154 1153 
 1122 1155 1156 1123 
 1126 1157 1155 1122 
 1157 1126 1128 1158 
 1159 1158 1128 1127 
 1123 1156 1159 1127 
 1151 1160 1161 1162 
 1163 1152 1153 1162 
 1164 1150 1152 1163 
 1160 1151 1150 1164 
 1165 1159 1156 1166 
 1167 1158 1159 1165 
 1168 1157 1158 1167 
 1169 1155 1157 1168 
 1166 1156 1155 1169 
 1164 1170 1160 1164 
 1163 1170 1164 1163 
 1162 1170 1163 1162 
 1161 1160 1170 1162 
 1169 1171 1166 1169 
 1168 1171 1169 1168 
 1167 1171 1168 1167 
 1165 1171 1167 1165 
 1166 1171 1165 1166 
 1128 1126 1125 1132 
 1111 1114 1113 1111 
 1106 1112 1111 1113 
 782 1077 1101 1076 
 784 783 1076 785 
 1144 1143 794 793 
 1020 1024 1018 1020 
 1028 60 1030 1028 
 1037 1033 1032 1037 
 1036 1040 1041 1034 
 1035 1042 1100 1035 
 1043 1046 1070 1043 
 1047 1040 1039 1048 
 1031 1037 1032 1031 
 1065 1056 1067 1065 
 1048 1078 1037 1048 
 1082 1089 1092 1078 
 1043 1042 1044 1043 
 234 1025 1020 234 
 285 1077 284 285 
 1104 1112 1106 1104 
 1115 588 1114 1115 
 1116 1121 1130 1116 
 1119 1124 1121 1120 
 1125 1119 1118 1125 
 1070 1128 1131 1070 
 1129 1127 1046 1047 
 1116 1047 1031 1116 
 1067 1064 1065 1067 
 1130 1153 1129 1130 
 1151 1162 1153 1154 
 1128 1132 1131 1128 
 1106 1113 738 1106 
 782 1076 783 782 
 1172 1173 1174 1175 
 1176 1177 1178 1179 
 1173 1180 1174 1173 
 1181 1182 1180 1181 
 1181 1183 1182 1181 
 1184 1185 1186 1187 
 1185 1188 1189 1186 
 1190 1191 1192 1190 
 1188 1193 1194 1183 
 1191 1187 1177 1176 
 1177 1173 1172 1178 
 1182 1195 1196 1197 
 1183 1198 1195 1182 
 1198 1183 1194 1193 
 1197 1196 1199 1200 
 1177 1187 1186 1189 
 1189 1183 1181 1189 
 1189 1181 1180 1173 
 1197 1174 1180 1197 
 1201 1202 1203 1192 
 1204 1201 1191 1176 
 1198 1205 1195 1198 
 1205 1196 1195 1205 
 1206 1205 1198 1207 
 1204 1206 1207 1201 
 1205 1206 1208 1209 
 1204 1210 1208 1206 
 1202 1201 1207 1211 
 1196 1205 1209 1199 
 1212 1179 1178 1213 
 1212 1213 1214 1215 
 1172 1175 1216 1217 
 1217 1216 1218 1219 
 1200 1199 1220 1216 
 1216 1220 202 1218 
 1199 1209 1221 1220 
 1217 1222 1214 1213 
 1172 1217 1213 1178 
 205 1221 1223 200 
 1221 1209 1208 1223 
 1210 1224 1223 1208 
 1210 1204 1176 1179 
 200 1223 1224 69 
 69 1224 1212 1215 
 1224 1210 1179 1212 
 11 1225 1226 3 
 1226 1225 1227 1228 
 1227 1229 1230 1228 
 1230 1229 1231 1232 
 1232 1231 201 209 
 1229 1227 1214 1222 
 1227 1225 1215 1214 
 11 22 1215 1225 
 1218 202 201 1231 
 1222 1219 1218 1231 
 1233 1 3 1226 
 1234 1233 1235 1226 
 1234 128 125 1233 
 1236 1234 1230 1237 
 128 1234 1236 198 
 1230 1234 1228 1230 
 1230 1238 1232 1236 
 198 1236 210 198 
 1236 1232 210 1236 
 1232 209 210 1232 
 1197 1200 1175 1174 
 1239 1240 1211 1207 
 202 1220 1221 205 
 1216 1175 1200 1241 
 1191 1190 1184 1187 
 1 1233 125 1 
 69 1215 22 69 
 1188 1183 1189 1188 
 1182 1197 1180 1182 
 1198 1193 1239 1198 
 1177 1189 1173 1177 
 1201 1192 1191 1201 
 1202 1211 1240 1203 
 1217 1219 1222 1217 
 1200 1216 1241 1200 
 1230 1232 1238 1230 
 1222 1231 1229 1222 
 1233 1226 1235 1233 
 1234 1226 1228 1234 
 1230 1236 1237 1230 
 1239 1207 1198 1239 
 1242 1185 1184 1243 
 1242 1244 1188 1185 
 1184 1190 1245 1243 
 1188 1244 1246 1193 
 1247 1246 1244 1242 
 1246 1247 1239 1193 
 1248 1245 1190 1192 
 1249 1248 1192 1203 
 1240 1239 1247 1240 
 1240 1247 1250 1251 
 1249 1203 1240 1251 
 1247 1242 1243 1245 
 1247 1245 1248 1249 
 1247 1249 1251 1250 
 1252 1253 1022 1035 
 1254 1255 1253 1252 
 1256 1257 1255 1254 
 1258 1259 1257 1256 
 1259 1258 1260 1261 
 1262 1053 1263 1264 
 1265 1263 1053 1073 
 1266 1267 1258 1256 
 1258 1267 1268 1260 
 1260 1268 1269 1264 
 1270 1266 1256 1254 
 1254 1252 1271 1254 
 1254 1271 1272 1273 
 1272 1271 1274 1272 
 1275 1273 1272 1274 
 1262 1276 1050 1053 
 1051 1050 1276 1277 
 1277 1276 1278 1275 
 1276 1262 1279 1278 
 1279 1262 1264 1269 
 1263 1280 1260 1264 
 255 243 244 1281 
 264 254 255 1282 
 1282 255 1281 1283 
 1283 1281 1255 1257 
 274 264 1282 1284 
 1284 1282 1283 1285 
 1285 1283 1259 1261 
 281 274 1284 1286 
 1286 1284 1285 1287 
 1287 1285 1261 1265 
 288 281 1286 289 
 1281 1253 1255 1281 
 245 1019 1281 244 
 1022 1253 1281 1019 
 1283 1257 1259 1283 
 1265 1261 1280 1263 
 1280 1261 1260 1280 
 1100 1274 1271 1035 
 1252 1035 1271 1252 
 1288 1289 1290 1269 
 1291 1292 1267 1266 
 1293 1291 1266 1270 
 1288 1294 1289 1288 
 1295 1296 1294 1295 
 1295 1297 1296 1295 
 1298 1299 1300 1301 
 1299 1302 1303 1300 
 1301 1304 1298 1301 
 1305 1306 1304 1301 
 1302 1307 1308 1297 
 1305 1301 1292 1291 
 1292 1309 1267 1292 
 1309 1288 1268 1267 
 1296 1310 1311 1312 
 1297 1313 1310 1296 
 1313 1297 1308 1307 
 1312 1311 1278 1279 
 1309 1292 1301 1300 
 1303 1288 1309 1300 
 1303 1297 1295 1303 
 1303 1295 1294 1288 
 1312 1289 1294 1312 
 1314 1315 1306 1305 
 1316 1314 1305 1293 
 1313 1317 1310 1313 
 1317 1311 1310 1317 
 1317 1313 1314 1316 
 1275 1317 1316 1273 
 1313 1318 1319 1315 
 1278 1311 1317 1275 
 1316 1293 1270 1273 
 1265 1073 1075 1287 
 1286 1287 1075 289 
 1277 1274 1100 1051 
 1312 1279 1269 1290 
 1254 1273 1270 1254 
 1275 1274 1277 1320 
 1277 1275 1320 1277 
 1288 1269 1268 1288 
 1302 1297 1303 1302 
 1305 1291 1293 1305 
 1296 1312 1294 1296 
 1313 1307 1318 1313 
 1313 1315 1314 1313 
 1312 1290 1289 1312 
 1299 1298 1321 1322 
 1299 1322 1323 1302 
 1298 1304 1324 1321 
 1302 1323 1325 1307 
 1325 1323 1322 1321 
 1325 1326 1318 1307 
 1306 1327 1324 1304 
 1315 1328 1327 1306 
 1318 1326 1319 1318 
 1319 1326 1329 1328 
 1325 1321 1324 1327 
 1319 1328 1315 1319 
 1325 1327 1328 1329 
 1325 1329 1326 1325 
 1330 1331 1332 1330 
 1330 1332 1333 1334 
 1333 1332 1335 1333 
 1333 1335 1336 1333 
 1336 1335 1337 1336 
 1336 1337 1338 1336 
 1339 1334 1333 1339 
 1340 1336 1338 1340 
 1341 1334 1342 1341 
 1342 1334 1339 1342 
 1342 1339 1343 1342 
 1344 1341 1345 1344 
 1345 1341 1342 1345 
 1345 1342 1343 1345 
 1345 1343 1346 1345 
 1346 1343 1347 1346 
 1348 1344 1349 1348 
 1349 1344 1345 1349 
 1349 1345 1350 1349 
 1350 1345 1346 1350 
 1351 1348 1352 1351 
 1352 1348 1349 1352 
 1352 1349 1353 1352 
 1353 1349 1350 1353 
 1354 1355 1356 1357 
 1354 1357 1358 1359 
 1359 1358 1360 1361 
 1361 1360 296 295 
 1355 1354 1362 1363 
 1354 1364 1365 1366 
 1365 1364 1367 1368 
 1368 1367 299 301 
 536 1363 1369 1370 
 1371 1366 1372 1373 
 1373 1372 523 524 
 1374 1375 1376 1374 
 1377 1378 1376 1377 
 1378 1379 1376 1378 
 1379 1380 1376 1379 
 1380 1374 1376 1380 
 1381 1375 1374 1381 
 1382 1383 1377 1384 
 1383 1385 1378 1377 
 1386 1387 1388 1386 
 1389 1390 1391 1389 
 1392 1393 1394 1392 
 1395 1396 1337 1335 
 1396 1397 1337 1396 
 1398 1395 1335 1398 
 1399 1398 536 1399 
 535 1399 536 535 
 1400 1356 1355 1400 
 522 265 1373 524 
 265 1401 1371 1373 
 1385 1402 1379 1378 
 1402 1403 1379 1402 
 1403 1404 1379 1403 
 1404 1405 1380 1379 
 1406 1374 1380 1406 
 1407 1408 1374 1407 
 1409 1410 1352 1353 
 1410 1411 1352 1410 
 1411 1412 1351 1352 
 1412 1413 1351 1412 
 1413 1414 1351 1413 
 1415 1416 1417 1415 
 1418 1419 1338 1418 
 1397 1418 1338 1337 
 1343 1339 1333 1336 
 1355 1348 1351 1355 
 1355 1341 1344 1355 
 1330 1334 1341 1363 
 1330 536 1398 1335 
 1386 1416 1420 1386 
 1407 1374 1406 1407 
 1380 1405 1406 1380 
 1421 1392 1390 1421 
 1389 1387 1422 1389 
 1408 1353 1350 1423 
 1423 1350 1346 1375 
 1346 1347 1376 1375 
 1347 1340 1377 1376 
 1340 1338 1384 1377 
 1338 1417 1388 1391 
 1391 1388 1387 1389 
 1384 1394 1393 1382 
 1389 1422 1421 1390 
 1382 1393 1392 1421 
 1394 1391 1390 1392 
 1408 1407 1409 1353 
 1422 1387 1386 1420 
 1388 1417 1416 1386 
 1420 1416 1415 1419 
 1417 1338 1419 1415 
 536 1330 1363 536 
 1363 1341 1355 1363 
 1400 1355 1424 1414 
 1355 1351 1414 1424 
 1355 1344 1348 1355 
 1369 1371 1401 1370 
 1362 1366 1371 1369 
 1362 1369 1363 1362 
 1425 1426 1427 1425 
 1428 1429 1425 1427 
 1430 1425 1429 1430 
 1431 1430 1429 1431 
 1432 1430 1431 1432 
 1433 1432 1431 1433 
 1429 1428 1434 1429 
 1433 1431 1435 1433 
 1436 1428 1437 1436 
 1434 1428 1436 1434 
 1438 1434 1436 1438 
 1439 1437 1440 1439 
 1436 1437 1439 1436 
 1438 1436 1439 1438 
 1441 1438 1439 1441 
 1442 1438 1441 1442 
 1443 1440 1444 1443 
 1439 1440 1443 1439 
 1445 1439 1443 1445 
 1441 1439 1445 1441 
 1446 1444 1447 1446 
 1443 1444 1446 1443 
 1448 1443 1446 1448 
 1445 1443 1448 1445 
 1357 1356 1449 1450 
 1451 1452 1358 1357 
 1451 1453 1454 1360 
 1453 798 796 296 
 1455 1456 1450 1449 
 1456 1457 1458 1451 
 1457 1459 1460 1453 
 1459 1007 799 798 
 534 1370 1461 1455 
 1462 1459 1457 1463 
 1008 1007 1459 1462 
 1464 1465 1466 1464 
 1464 1467 1468 1464 
 1464 1469 1467 1464 
 1464 1470 1469 1464 
 1464 1466 1470 1464 
 1466 1465 1471 1466 
 1472 1468 1383 1382 
 1468 1467 1385 1383 
 1473 1474 1475 1473 
 1476 1477 1478 1476 
 1479 1480 1481 1479 
 1430 1432 1396 1395 
 1432 1397 1396 1432 
 1430 1395 1398 1430 
 1009 1398 1399 1009 
 1009 1399 535 1009 
 1449 1356 1400 1449 
 1008 1462 265 522 
 1462 1463 1401 265 
 1467 1469 1402 1385 
 1469 1403 1402 1469 
 1469 1404 1403 1469 
 1469 1470 1405 1404 
 1470 1466 1406 1470 
 1466 1482 1407 1466 
 1448 1446 1410 1409 
 1446 1411 1410 1446 
 1446 1447 1412 1411 
 1447 1413 1412 1447 
 1447 1414 1413 1447 
 1483 1484 1485 1483 
 1433 1419 1418 1433 
 1432 1433 1418 1397 
 1442 1435 1431 1429 
 1447 1444 1449 1447 
 1440 1437 1449 1440 
 1455 1437 1428 1427 
 1426 1425 1430 1398 
 1420 1484 1475 1420 
 1406 1466 1407 1406 
 1406 1405 1470 1406 
 1477 1481 1421 1477 
 1422 1474 1478 1422 
 1466 1471 1486 1445 
 1471 1465 1441 1445 
 1465 1464 1442 1441 
 1464 1468 1435 1442 
 1468 1472 1433 1435 
 1472 1479 1476 1473 
 1478 1474 1473 1476 
 1382 1480 1479 1472 
 1477 1421 1422 1478 
 1421 1481 1480 1382 
 1481 1477 1476 1479 
 1448 1409 1407 1482 
 1420 1475 1474 1422 
 1475 1484 1483 1473 
 1419 1485 1484 1420 
 1485 1419 1433 1483 
 1455 1427 1009 1455 
 1449 1437 1455 1449 
 1414 1487 1449 1400 
 1487 1414 1447 1449 
 1444 1440 1449 1444 
 1370 1401 1463 1461 
 1461 1463 1457 1456 
 1455 1461 1456 1455 
 1354 1359 1364 1354 
 1359 1361 1367 1364 
 1361 295 299 1367 
 1354 1366 1362 1354 
 1365 1368 1372 1366 
 1368 301 523 1372 
 536 1370 534 536 
 1343 1336 1340 1347 
 1330 1335 1332 1331 
 1408 1423 1381 1374 
 1423 1375 1381 1423 
 1338 1391 1394 1384 
 1451 1357 1450 1451 
 1451 1360 1358 1452 
 1453 296 1360 1454 
 1456 1451 1450 1456 
 1457 1453 1451 1458 
 1459 798 1453 1460 
 534 1455 1009 534 
 1442 1429 1434 1438 
 1426 1398 1009 1427 
 1466 1445 1448 1482 
 1471 1445 1486 1471 
 1472 1473 1483 1433 
 1488 1489 1490 1491 
 1492 1493 312 311 
 317 1488 1492 311 
 317 314 1488 317 
 314 303 1489 1488 
 303 306 1490 1489 
 306 309 1490 306 
 1493 1491 308 312 
 308 1491 1490 309 
 1494 1495 1496 1497 
 810 809 1495 1494 
 810 1494 1498 813 
 1498 812 813 1498 
 1498 1499 803 812 
 1499 1497 800 803 
 1497 805 800 1497 
 809 806 1496 1495 
 805 1497 1496 806 
 1488 1491 1493 1492 
 1494 1497 1499 1498 
 408 407 1500 1501 
 408 1501 1502 409 
 1503 410 409 1502 
 1501 1500 1504 1505 
 1506 1504 1507 1508 
 1505 1504 1506 1509 
 1500 407 406 1510 
 1509 1506 1511 1509 
 1511 1506 1508 1512 
 1513 1511 1512 1514 
 1515 1513 1516 1517 
 1518 1519 1513 1515 
 1519 1520 1511 1513 
 1014 1521 1522 1523 
 1523 1522 1520 1519 
 1524 1523 1519 1518 
 1524 1525 1526 1523 
 1521 1014 412 410 
 1520 1522 1527 1520 
 1522 1521 1528 1527 
 1503 1502 1529 1530 
 1502 1501 1529 1502 
 1501 1505 1529 1501 
 1509 1530 1529 1505 
 1509 1528 1530 1509 
 1527 1528 1509 1511 
 1525 413 1014 1526 
 1525 414 413 1525 
 1531 414 1525 1531 
 1531 417 414 1531 
 1532 1531 1525 1524 
 417 1531 1532 1533 
 1532 1524 1518 1534 
 1535 1515 1517 1535 
 1534 1518 1515 1535 
 1536 1534 1535 1537 
 1533 1532 1534 1536 
 1537 1538 1536 1537 
 1539 1533 1536 1538 
 1540 1539 1538 1540 
 1533 1539 423 417 
 419 423 1539 1540 
 1504 1500 1541 1507 
 1520 1527 1511 1520 
 1530 1528 1521 1503 
 1542 1543 1538 1542 
 1544 1542 1538 1537 
 1545 1544 1537 1535 
 1546 1545 1535 1546 
 1547 1546 1535 1517 
 1548 1547 1517 1516 
 1514 1548 1516 1514 
 1549 1512 1512 1508 
 1507 1549 1508 1507 
 1550 1540 419 1550 
 1551 1552 898 899 
 900 1553 1551 899 
 1553 900 901 1554 
 1555 1556 1552 1551 
 1557 1507 1556 1558 
 1559 1558 1556 1555 
 1541 1510 406 898 
 1560 1558 1559 1560 
 1512 1557 1558 1560 
 1561 1514 1512 1560 
 1562 1561 1563 1564 
 1564 1563 1565 1566 
 1563 1560 1567 1565 
 1568 1569 1570 1571 
 1565 1567 1570 1569 
 1566 1565 1569 1572 
 1569 1568 1573 1572 
 1554 901 905 904 
 1574 1570 1567 1574 
 1574 1575 1571 1570 
 1576 1577 1553 1554 
 1577 1551 1553 1577 
 1577 1555 1551 1577 
 1555 1577 1576 1559 
 1576 1575 1559 1576 
 1560 1559 1575 1574 
 1568 904 903 1573 
 903 907 1573 903 
 1573 907 1578 1573 
 907 908 1578 907 
 1572 1573 1578 1579 
 1580 1579 1578 908 
 1581 1566 1572 1579 
 1562 1564 1582 1562 
 1582 1564 1566 1581 
 1583 1582 1581 1584 
 1584 1581 1579 1580 
 1584 1538 1583 1584 
 1538 1584 1580 1585 
 1538 1585 1540 1538 
 908 911 1585 1580 
 1586 1540 1585 911 
 1507 1541 1552 1556 
 1560 1574 1567 1560 
 1554 1571 1575 1576 
 1538 1543 1542 1538 
 1583 1538 1542 1544 
 1582 1583 1544 1545 
 1582 1545 1546 1582 
 1562 1582 1546 1547 
 1561 1562 1547 1548 
 1514 1561 1548 1514 
 1557 1512 1512 1549 
 1507 1557 1549 1507 
 419 1540 1586 419 
 1500 1510 1541 1500 
 1513 1514 1516 1513 
 1014 1523 1526 1014 
 1521 410 1503 1521 
 419 1540 1550 419 
 1541 898 1552 1541 
 1561 1560 1563 1561 
 1568 1571 904 1568 
 1554 904 1571 1554 
 1586 911 419 1586 
 444 443 1587 1588 
 1588 1587 1589 1590 
 1591 1592 1590 1593 
 443 386 1594 1587 
 1590 1589 1587 1594 
 1593 1590 1595 1596 
 1597 1593 1596 1598 
 1593 1597 1599 1591 
 1600 1601 1597 1598 
 1597 1601 1602 1599 
 1603 1604 1601 1600 
 1601 1604 1605 1602 
 1605 1604 1606 1605 
 1604 1603 1606 1604 
 1607 1594 386 388 
 1608 1594 1607 1609 
 1595 1608 1610 1611 
 1596 1595 1611 1612 
 1598 1596 1612 1613 
 1600 1598 1613 1614 
 1603 1600 1614 1615 
 1615 1606 1603 1615 
 1615 1614 1616 1617 
 1614 1613 1618 1616 
 1613 1612 1619 1618 
 1612 1620 1621 1619 
 1620 1611 1610 1609 
 1606 1615 1617 1606 
 1609 1622 459 445 
 1623 445 450 1624 
 444 1588 1624 450 
 1591 1599 1618 1619 
 1592 1591 1619 1621 
 1588 1592 1621 1624 
 1599 1602 1616 1618 
 1602 1605 1617 1616 
 1605 1606 1617 1605 
 1620 1623 1624 1621 
 1612 1611 1620 1612 
 1625 1626 929 928 
 1627 1628 1629 1626 
 1630 1628 1627 1631 
 1626 1632 882 929 
 1633 1634 1632 1626 
 1635 1633 1628 1630 
 1636 1635 1630 1637 
 1631 1638 1637 1630 
 1636 1637 1639 1640 
 1638 1641 1639 1637 
 1640 1639 1642 1643 
 1641 1644 1642 1639 
 1645 1642 1644 1645 
 1645 1643 1642 1645 
 1646 1647 944 883 
 1648 1646 1649 1632 
 1650 1648 1634 1633 
 1651 1650 1633 1635 
 1652 1651 1635 1636 
 1653 1652 1636 1640 
 1654 1653 1640 1643 
 1643 1645 1654 1643 
 1655 1656 1653 1654 
 1656 1657 1652 1653 
 1657 1658 1651 1652 
 1658 1659 1660 1651 
 1661 1646 1648 1650 
 1655 1654 1645 1655 
 1661 945 944 1647 
 1662 931 945 1661 
 931 1662 1625 928 
 1658 1657 1638 1631 
 1659 1658 1631 1627 
 1662 1659 1627 1625 
 1657 1656 1641 1638 
 1656 1655 1644 1641 
 1655 1645 1644 1655 
 1659 1662 1661 1660 
 1660 1650 1651 1660 
 1588 1590 1592 1588 
 1590 1594 1608 1595 
 1607 388 459 1622 
 1608 1609 1610 1608 
 1620 1609 1623 1620 
 1609 445 1623 1609 
 1627 1626 1625 1627 
 1633 1626 1629 1628 
 1646 883 882 1632 
 1648 1632 1634 1648 
 1661 1650 1660 1661 
 1661 1647 1646 1661 
 1607 1622 1609 1607 
 1646 1632 1649 1646 
 1663 1664 1665 1666 
 1667 1668 1669 1670 
 1664 1671 1665 1664 
 1671 1672 1673 1671 
 1672 1674 1673 1672 
 1675 1676 1677 1678 
 1676 1679 1680 1677 
 1681 1682 1683 1681 
 1679 1674 1684 1685 
 1670 1669 1675 1682 
 1668 1666 1665 1669 
 1671 1686 1687 1688 
 1672 1688 1689 1674 
 1690 1685 1684 1674 
 1691 1692 1687 1686 
 1665 1679 1676 1675 
 1673 1674 1679 1673 
 1665 1671 1673 1679 
 1671 1664 1686 1671 
 1682 1681 1693 1694 
 1670 1682 1695 1696 
 1688 1697 1689 1688 
 1688 1687 1697 1688 
 1698 1689 1697 1699 
 1695 1698 1699 1696 
 1700 1701 1699 1697 
 1699 1701 1702 1696 
 1693 1703 1704 1698 
 1692 1700 1697 1687 
 1705 1668 1667 1706 
 1707 1708 1705 1706 
 1709 1710 1663 1666 
 1711 1712 1713 1710 
 1714 1710 1715 1692 
 1713 711 1715 1710 
 1715 1716 1700 1692 
 1705 1708 1711 1709 
 1668 1705 1709 1666 
 708 1717 1716 714 
 1717 1701 1700 1716 
 1701 1717 1718 1702 
 1667 1670 1696 1702 
 592 1718 1717 708 
 1707 1706 1718 592 
 1706 1667 1702 1718 
 538 1719 1720 548 
 1721 1722 1720 1719 
 1721 1723 1724 1722 
 1725 1726 1727 1724 
 715 712 1727 1726 
 1711 1708 1722 1724 
 1708 1707 1720 1722 
 1720 1707 559 548 
 1727 712 711 1713 
 1724 1727 1713 1712 
 1728 1719 538 540 
 1721 1719 1728 1729 
 1729 641 644 1730 
 1731 1723 1730 1732 
 707 1732 1730 644 
 1721 1730 1723 1721 
 1731 1732 1726 1725 
 717 1732 707 717 
 717 1726 1732 717 
 717 715 1726 717 
 1664 1663 1691 1686 
 1689 1698 1704 1703 
 714 1716 1715 711 
 1714 1691 1663 1710 
 1675 1678 1683 1682 
 641 1729 540 641 
 559 1707 592 559 
 1679 1685 1680 1679 
 1671 1688 1672 1671 
 1690 1674 1689 1690 
 1665 1675 1669 1665 
 1682 1694 1695 1682 
 1693 1698 1695 1694 
 1711 1710 1709 1711 
 1714 1692 1691 1714 
 1725 1724 1723 1725 
 1724 1712 1711 1724 
 1728 540 1729 1728 
 1721 1729 1730 1721 
 1731 1725 1723 1731 
 1689 1703 1690 1689 
 1733 1678 1677 1734 
 1677 1680 1735 1734 
 1733 1736 1683 1678 
 1685 1737 1735 1680 
 1738 1739 1740 1741 
 1685 1690 1742 1737 
 1681 1683 1736 1741 
 1693 1681 1741 1740 
 1742 1690 1703 1742 
 1739 1738 1742 1703 
 1739 1703 1693 1740 
 1738 1741 1736 1733 
 1738 1733 1734 1735 
 1738 1735 1737 1742 
 1118 1107 1743 1744 
 1744 1743 1745 1746 
 1746 1745 1747 1748 
 1748 1747 1749 1750 
 1751 1752 1750 1749 
 1753 1754 1135 1755 
 1147 1135 1754 1756 
 1748 1750 1757 1758 
 1752 1759 1757 1750 
 1753 1760 1759 1752 
 1746 1748 1758 1761 
 1762 1744 1746 1762 
 1761 1763 1764 1762 
 1765 1762 1764 1765 
 1766 1767 1765 1764 
 1135 1133 1768 1755 
 1767 1768 1133 1132 
 1766 1769 1770 1768 
 1770 1771 1755 1768 
 1760 1753 1755 1771 
 1753 1752 1772 1754 
 1773 748 747 758 
 1774 758 757 767 
 1775 1773 758 1774 
 1747 1745 1773 1775 
 1776 1774 767 774 
 1777 1775 1774 1776 
 1751 1749 1775 1777 
 1778 1776 774 780 
 1779 1777 1776 1778 
 1756 1751 1777 1779 
 792 1778 780 789 
 1745 1743 1773 1745 
 748 1773 1105 749 
 1105 1773 1743 1107 
 1749 1747 1775 1749 
 1754 1772 1751 1756 
 1752 1751 1772 1752 
 1118 1762 1765 1125 
 1762 1118 1744 1762 
 1759 1760 1780 1781 
 1758 1757 1782 1783 
 1761 1758 1783 1784 
 1781 1785 1786 1781 
 1785 1787 1788 1785 
 1787 1789 1788 1787 
 1790 1791 1792 1793 
 1791 1794 1795 1792 
 1793 1796 1790 1793 
 1790 1796 1797 1798 
 1794 1789 1799 1800 
 1784 1783 1782 1790 
 1757 1801 1782 1757 
 1757 1759 1786 1801 
 1785 1802 1803 1804 
 1787 1804 1805 1789 
 1806 1800 1799 1789 
 1771 1770 1803 1802 
 1791 1790 1782 1801 
 1791 1801 1786 1794 
 1788 1789 1794 1788 
 1786 1785 1788 1794 
 1785 1781 1802 1785 
 1798 1797 1807 1808 
 1784 1798 1808 1809 
 1804 1810 1805 1804 
 1804 1803 1810 1804 
 1809 1808 1805 1810 
 1763 1809 1810 1769 
 1808 1807 1811 1806 
 1769 1810 1803 1770 
 1763 1761 1784 1809 
 1779 1149 1147 1756 
 792 1149 1779 1778 
 1132 1125 1765 1767 
 1781 1780 1760 1771 
 1761 1762 1746 1761 
 1766 1764 1763 1769 
 1766 1768 1767 1766 
 1759 1781 1786 1759 
 1794 1800 1795 1794 
 1784 1790 1798 1784 
 1785 1804 1787 1785 
 1806 1789 1805 1806 
 1808 1806 1805 1808 
 1781 1771 1802 1781 
 1812 1813 1793 1792 
 1795 1814 1812 1792 
 1813 1815 1796 1793 
 1800 1816 1814 1795 
 1817 1818 1819 1820 
 1800 1806 1817 1816 
 1796 1815 1820 1797 
 1797 1820 1819 1807 
 1811 1817 1806 1811 
 1807 1819 1818 1817 
 1817 1820 1815 1813 
 1807 1817 1811 1807 
 1817 1813 1812 1814 
 1817 1814 1816 1817 
